3.12 4.0171 4.12402
2.82 2.4794 2.69079
2.8 2.6687 2.35077
2.82 2.6291 2.39184
2.5 2.3635 2.66065
2.5 2.327 2.27611
2.8 2.6456 2.39071
2.82 3.3259 3.32783
2.82 2.6561 2.36131
2.5 2.388 2.93184
2.5 2.6791 2.59095
2.8 2.4125 2.36436
2.82 2.3465 2.63513
2.5 2.6231 2.36017
2.5 2.3484 2.47433
3.44 3.6065 3.22943
2.8 2.8951 2.41257
2.5 2.6663 2.51014
2.5 2.375 2.68445
2.8 2.4272 2.35906
2.5 2.3441 2.64838
2.5 2.3579 2.64724
3.12 2.6587 2.37737
2.5 2.3681 2.77731
2.82 2.6726 2.33802
2.5 2.7297 2.37192
2.5 2.5639 2.65705
2.5 2.3459 2.347
2.8 2.3605 2.71827
3.14 2.7846 2.41498
2.5 2.8672 2.45613
2.5 2.3719 2.77612
2.82 2.3495 2.38446
2.5 2.5799 2.65741
2.5 2.3568 2.87086
2.5 2.379 2.35481
3.12 2.4641 3.10672
2.82 3.2553 2.97343
2.5 2.7144 2.39351
2.5 2.4429 2.67859
2.82 2.7077 2.35255
2.5 2.5089 2.40956
2.5 2.3569 2.33075
2.8 2.6191 2.49038
3.12 2.7266 2.49355
2.5 2.3792 2.37296
2.5 2.4623 2.41747
2.8 2.6144 2.46595
2.5 2.9929 2.6927
2.5 2.3859 2.65804
2.5 2.4512 2.63779
2.8 2.4669 2.88293
2.5 2.6748 2.32983
2.5 2.6437 2.34904
2.8 2.8443 2.34389
2.82 2.7217 2.34192
2.5 2.3499 2.70915
2.5 2.629 2.31857
3.44 2.7819 3.63092
2.8 2.6867 2.36129
2.5 2.688 2.71387
2.82 2.38 2.8021
2.5 2.5265 2.34832
2.5 2.363 2.63933
2.82 2.3941 2.69458
3.12 2.3558 2.37929
2.5 2.6686 2.4136
2.5 2.6708 2.40781
2.5 2.6736 2.33352
2.5 2.497 2.91483
2.8 2.6866 2.3706
2.5 2.3599 2.32443
2.82 3.3801 3.53235
3.12 2.7157 2.36012
2.82 2.6814 2.33518
2.5 2.4151 2.38554
2.8 2.6654 2.33926
2.5 2.4929 2.40664
2.5 2.3583 2.60132
2.82 2.6745 2.39101
3.12 4.7121 2.60751
2.5 2.8113 2.37025
2.82 2.9414 2.34395
2.8 2.7088 2.76637
2.82 3.0188 2.34929
2.82 3.439 3.2728
2.5 2.3645 2.34447
3.12 3.0256 2.60841
2.82 2.6202 2.34863
2.5 2.5148 2.93022
2.82 2.4104 2.9884
2.5 2.4221 2.66872
2.5 2.3592 2.67561
2.5 2.7331 2.74761
3.12 2.8624 2.34492
2.82 2.308 2.92826
2.5 2.3393 2.91344
2.8 2.4233 3.08985
2.5 2.3929 2.55692
2.5 2.3497 3.00105
2.82 2.3808 3.10581
3.12 3.0716 2.74676
2.5 2.6583 2.45494
2.5 2.7159 2.33068
2.5 3.5539 2.43653
2.82 2.473 3.10618
2.82 3.0018 2.30193
2.5 2.3711 2.76186
3.12 2.4185 2.7187
2.5 2.7005 2.36465
2.5 2.3814 2.62733
2.82 2.5973 2.35251
2.5 2.953 2.35581
2.5 2.6654 2.3222
2.5 2.7386 2.42166
2.82 2.6455 3.27711
2.82 2.369 3.05967
2.8 2.7403 2.73185
2.82 3.0962 2.33106
2.82 2.701 2.34616
2.5 2.3688 2.52659
2.8 2.4152 2.72279
3.14 4.657 4.36717
2.8 2.3878 2.70931
2.82 2.8011 2.48773
2.8 2.3067 2.70371
2.82 2.4254 2.73866
2.5 2.6918 2.37118
2.82 2.7555 2.3469
3.12 4.1535 4.80793
2.82 4.0255 2.75303
2.5 2.5453 3.71008
2.5 3.4196 2.36691
2.5 2.7319 2.43694
2.5 2.6865 2.33878
2.5 2.9982 2.36514
2.8 4.0682 3.6463
3.14 2.4781 2.94016
2.8 2.3854 2.42809
2.5 2.72 2.48182
2.8 3.7339 2.95337
2.5 2.4539 2.86607
2.5 2.4083 2.3325
2.5 2.6927 3.68344
2.82 3.0121 2.35866
2.8 2.6422 2.4014
2.5 2.8794 2.48405
2.5 2.4029 2.9413
2.5 2.349 3.41812
2.82 2.6099 2.67555
2.82 2.399 2.32647
3.12 2.4154 2.33815
2.82 3.1769 2.76249
2.8 2.2954 2.94397
2.82 2.4066 2.79394
2.5 2.5716 2.33852
2.5 2.8277 2.37172
2.5 2.3679 2.63963
3.12 2.4063 2.57221
2.5 2.4831 2.60519
2.82 2.3508 2.65091
2.5 2.5342 2.73511
2.8 2.862 2.32501
2.82 3.0525 2.7479
2.5 2.7675 2.32586
3.14 2.3483 2.34751
2.8 2.3884 2.39873
2.5 2.3863 2.34069
2.5 2.3475 2.34172
2.82 2.7648 2.41983
2.5 2.7386 2.50329
2.5 2.5743 2.68896
3.14 2.6443 2.40374
2.8 2.6952 2.73547
2.5 2.6862 2.61509
2.5 2.3708 2.59813
2.5 2.6817 2.5582
2.5 2.5183 2.96168
2.5 2.5876 2.64446
3.12 3.0274 2.69499
2.8 2.3765 2.95804
2.82 2.3866 3.36311
2.82 2.863 2.3247
2.8 3.9536 2.50359
2.5 3.1517 2.34312
2.5 2.6213 2.68379
2.82 3.1728 4.54158
3.12 3.0922 2.3154
2.82 2.6914 3.11512
2.82 2.5467 3.06258
2.5 2.6073 2.54529
2.5 2.4012 2.65099
2.5 2.6111 2.35137
2.8 4.5582 3.27834
2.82 2.3848 2.68465
2.5 2.8777 2.35146
2.8 2.3369 2.93288
2.5 2.3442 2.59188
2.5 2.6947 2.39773
2.5 2.6202 2.33945
2.82 2.3475 2.57413
3.12 2.5653 2.30624
2.5 2.3609 2.59378
2.82 2.6041 2.34596
2.5 2.35 2.62781
2.5 2.6161 2.34454
2.5 2.3391 2.55999
2.5 2.3651 3.14416
2.82 3.2576 4.08893
2.82 2.3523 2.69326
2.5 2.3523 2.33764
2.5 2.3462 2.32786
2.5 2.7022 2.34369
2.82 2.3468 2.31637
2.5 2.3509 2.31368
2.5 2.8055 4.16455
3.14 2.6239 2.34978
3.12 2.3873 2.35802
2.5 2.5917 2.39914
2.5 2.6043 2.34029
2.8 2.3418 2.32492
2.5 2.6213 2.41306
2.82 2.3517 2.58942
3.12 2.3369 2.42071
2.5 3.4704 2.62242
2.5 2.3983 2.67704
2.5 2.4537 2.71404
2.82 2.7428 2.76867
2.5 2.4147 2.71116
2.5 2.8011 2.92864
2.82 2.4389 3.37005
2.5 2.3325 2.71209
2.5 2.6806 2.32322
2.5 2.7554 2.41888
2.5 2.3399 2.59142
2.5 2.3205 2.56333
2.5 2.3217 2.41708
2.8 4.02 3.70334
2.82 2.3421 2.61375
2.5 2.5875 2.39411
2.5 2.3971 2.67907
2.5 2.336 2.61357
2.5 2.3389 2.82643
2.5 2.6145 2.34222
2.8 2.4009 2.31641
3.14 2.3477 2.77785
2.5 2.6482 2.36729
2.5 2.6059 2.35808
2.5 2.3653 2.35047
2.5 2.5866 2.35381
2.5 2.4031 2.67942
2.5 2.3432 2.58625
3.12 2.393 2.57923
2.5 2.3075 2.61185
2.82 2.3929 2.60749
2.5 2.3363 2.63047
2.5 2.4203 2.60164
2.5 2.6076 2.50625
2.5 2.3235 2.57757
2.82 4.8371 4.64887
2.5 2.3394 2.59335
2.5 2.8158 3.01031
2.82 2.39 2.75327
2.5 2.2883 2.35986
2.5 2.7956 4.33719
2.5 2.3506 2.58814
2.82 3.5502 3.34894
3.12 2.3393 2.61735
2.5 2.602 2.31225
2.5 2.786 2.31921
2.5 2.6641 2.35781
2.18 3.0467 2.69187
2.5 2.408 2.31615
2.5 2.6146 2.47668
3.12 2.6323 2.44244
2.5 2.3657 2.34359
2.5 2.6907 2.35231
2.5 2.3317 2.58804
2.5 2.3281 2.33122
2.5 2.5111 2.42901
2.5 2.4881 2.40306
3.14 4.489 4.51487
2.8 2.8739 2.67474
2.5 2.6556 2.34265
2.5 2.5713 2.67768
2.8 2.3601 2.58263
2.5 2.4844 2.6437
2.5 2.4143 2.62931
2.5 3.5797 3.2174
3.12 2.4744 2.83601
2.5 2.5193 2.42784
2.5 2.3281 2.33036
2.5 2.3309 2.59259
2.5 2.3954 2.41112
2.5 2.6605 2.52023
2.5 2.3496 2.69928
2.8 2.3455 2.58826
2.5 2.354 2.61336
2.5 2.5154 2.34607
2.5 2.3557 2.59149
2.5 2.6139 2.33804
2.5 2.3591 2.70636
2.5 2.6647 2.37717
2.82 3.5789 4.27272
2.5 2.3336 2.60507
2.5 2.659 2.32299
2.5 2.6374 2.2941
2.5 2.5843 2.32974
2.5 2.6657 2.33268
2.5 2.6082 2.31841
2.82 2.2771 2.59107
3.12 2.5948 2.35177
2.5 2.603 2.38314
2.5 2.3444 2.64804
2.82 2.5381 2.33327
2.5 2.6402 2.34589
2.5 2.3573 2.57337
2.5 2.6497 2.31417
3.44 2.6258 2.33456
2.5 2.6199 2.44344
2.5 2.6379 2.3346
2.5 2.358 2.3474
2.5 2.6011 2.32163
2.5 2.6467 2.45335
2.5 2.3411 2.32643
2.82 4.1527 4.31845
2.5 2.3572 3.72131
2.5 2.5531 2.37536
2.5 2.4829 2.4469
2.5 2.3402 2.32854
2.5 3.3225 2.61944
2.5 2.3599 2.60933
2.5 2.6106 3.72014
3.12 2.3579 2.32356
2.5 2.436 2.4161
2.5 2.6215 2.33381
2.5 2.3296 2.35227
2.5 2.6283 2.43403
2.5 2.6517 2.3209
2.82 2.2957 2.31457
3.12 2.3517 2.33885
2.5 2.4148 2.79359
2.5 2.4202 2.46815
2.5 2.6534 2.36458
2.5 2.4029 2.61668
2.5 2.4292 2.63943
2.82 2.6153 2.36948
3.12 3.1073 2.76252
2.5 3.5942 3.63581
2.5 2.8312 2.30306
2.5 2.3653 2.6339
2.5 2.4227 2.85404
2.5 2.3713 2.40844
2.5 2.5026 2.41607
2.8 3.9687 3.76407
2.82 2.3381 2.56461
2.5 2.3698 3.02889
2.5 2.848 2.5437
2.5 2.3489 2.34194
2.5 2.6358 2.37413
2.5 2.8998 2.34247
2.5 2.3538 2.35085
2.82 2.6464 2.34783
2.5 2.5882 2.36597
2.82 2.3356 2.86255
2.5 2.3509 2.92293
2.5 2.6784 2.44079
2.8 2.3716 2.6278
2.82 2.3602 2.30731
3.12 3.2049 2.3955
2.5 2.9102 2.34203
2.5 2.354 2.53919
2.5 2.3499 2.66635
2.82 2.9171 2.29705
2.5 2.3571 2.61638
2.5 2.8382 2.36353
3.12 2.3552 2.59436
2.5 2.5928 2.29203
2.5 2.396 2.3384
2.5 2.6486 2.36058
2.5 2.6046 2.32351
2.5 2.6871 2.35857
2.5 2.3762 2.33682
2.8 4.3324 3.03762
2.82 2.5523 2.63401
2.5 2.3201 2.27426
2.5 2.3502 2.32008
2.5 2.4067 2.3888
2.82 2.9719 2.37445
2.5 2.6313 2.34307
2.5 2.3274 2.56357
2.8 2.3267 2.32141
2.5 2.4242 2.6057
2.82 2.6118 2.52966
2.5 2.3282 2.59838
2.8 2.347 2.31763
2.5 2.3642 2.35514
2.5 2.6749 2.35911
2.82 3.5735 4.04993
3.12 2.4191 2.396
2.5 2.3427 2.86488
2.5 2.9292 2.42732
2.82 2.695 2.52741
2.5 2.3863 2.35015
2.8 2.3484 2.70095
2.82 3.5072 3.22151
3.12 2.5997 2.3472
2.82 2.3435 2.81648
2.5 2.4201 3.03886
2.82 2.3798 2.64379
2.82 2.4497 2.45676
2.8 2.5485 2.43202
2.5 2.4928 2.38941
2.82 2.439 3.53477
2.5 2.4033 2.67407
2.5 2.3733 2.31395
2.5 2.371 2.33219
2.5 2.6077 2.32505
2.5 2.6275 2.32524
2.5 2.3625 2.61043
2.82 2.3486 2.35437
2.5 2.3654 2.35822
2.8 2.9276 2.3685
2.82 2.4925 2.95752
2.82 2.4312 2.91217
2.5 2.638 2.39688
2.82 2.399 2.65166
2.8 2.9324 2.71404
2.5 2.3024 3.00403
2.5 2.5722 2.98346
2.5 2.948 2.36488
2.5 2.6689 2.45901
2.5 2.8416 2.3509
2.8 2.3559 2.64137
2.82 3.8117 3.91825
3.12 2.5766 2.92565
2.5 2.3796 2.38423
2.5 2.6815 2.3817
2.5 2.4275 2.79148
2.5 2.9252 2.3439
2.5 2.3654 2.59239
2.5 2.3937 2.32385
2.5 2.6608 2.39208
2.5 2.3617 2.58873
2.5 2.6217 2.39397
2.18 2.4041 2.59051
2.5 2.8803 2.29587
2.5 2.4264 2.87802
2.82 2.4513 2.39146
2.5 2.7992 2.42062
2.8 2.4073 2.90261
2.82 2.3461 2.61611
2.5 2.5206 2.32216
2.5 2.3293 2.44759
2.5 2.3285 2.42513
2.5 2.511 2.34266
2.5 2.3291 2.32653
2.5 2.3788 2.37633
2.18 2.4685 2.31646
2.5 2.4682 2.33796
2.5 2.3236 2.53951
2.5 2.4561 2.33323
2.5 2.4772 2.32189
2.5 2.3925 2.35411
2.5 2.5988 2.32246
2.5 2.3787 2.33043
2.5 2.4524 2.3434
2.18 2.4563 2.46894
2.5 2.5342 2.47932
2.82 2.3855 2.63668
2.5 2.5636 2.65024
2.5 2.9241 2.47902
2.5 3.4677 3.77567
2.82 3.0022 2.92349
2.5 2.3404 2.45416
2.5 2.375 2.48274
2.2 2.6838 2.31483
2.5 2.6423 2.43663
2.5 2.2913 2.36159
2.5 2.3114 2.29014
2.8 2.3912 2.32923
2.82 2.3842 2.36649
2.5 2.4098 2.5312
2.2 2.3035 2.29299
2.5 2.4031 2.52967
2.5 2.4553 2.48661
2.5 2.5363 2.38793
2.82 2.6708 3.71176
2.8 2.3923 2.60114
2.82 2.4786 2.60494
2.82 2.5617 2.46833
2.5 2.5008 2.32816
2.5 2.6791 2.33201
2.82 2.3629 2.34814
2.5 2.3515 2.74411
3.12 2.591 2.37333
2.5 2.3899 2.35465
2.5 2.6071 2.3111
2.5 2.7183 2.3473
2.5 2.4298 2.5178
2.82 2.3313 2.35105
2.5 2.3419 2.32886
3.12 2.6836 2.65163
2.5 2.3945 2.34026
2.5 2.2948 2.27748
2.5 2.5235 2.29887
2.5 2.502 2.31467
2.5 2.3533 2.52603
2.5 2.3143 2.5214
2.5 3.5021 3.88926
2.82 2.375 2.56542
2.82 2.5566 2.3214
2.5 2.3669 2.50508
2.5 3.3596 2.73707
2.5 2.5476 2.31461
2.5 2.6392 2.36452
2.5 2.3506 2.32168
3.14 2.7174 2.38491
2.5 2.6435 2.3506
2.5 2.3386 2.41633
2.5 2.3813 3.33529
2.82 2.3441 2.64247
2.5 2.3617 2.61501
2.5 2.5966 2.35446
3.12 2.5093 2.37173
2.5 2.6275 2.34465
2.82 2.8229 2.46802
2.5 2.3878 2.32684
2.8 2.357 2.68622
2.5 2.4697 2.37351
2.5 2.6989 2.40772
3.12 2.8318 2.3926
2.8 2.6557 2.46831
2.5 2.3723 2.37822
2.5 2.3747 2.31984
2.5 3.2066 2.32007
2.5 2.3431 2.38315
2.8 2.3536 2.61903
3.14 4.2968 3.86415
3.12 2.4101 2.38743
2.82 2.4166 2.68945
2.82 2.4323 2.74824
2.5 2.7341 2.39605
3.12 3.8837 2.52339
2.5 2.742 2.59227
3.74 2.9933 2.80896
2.82 3.782 2.85788
2.8 2.6348 2.53971
2.5 2.368 2.60456
2.5 2.5748 2.82993
2.8 2.3603 2.33163
2.5 2.363 2.73265
2.82 2.69 2.43468
2.5 2.6982 2.46213
3.12 2.4601 2.72002
2.8 2.764 2.4046
2.82 2.379 2.63741
2.5 2.4126 2.69469
2.82 2.6361 2.3643
3.12 2.6624 2.45842
2.5 2.6432 2.32662
2.5 2.6144 2.30992
2.8 2.6754 2.36594
2.5 2.3342 2.61014
2.5 2.3626 2.40538
2.5 2.3839 2.33909
2.82 2.3482 2.33839
2.5 2.3547 2.34666
2.5 2.3048 2.26452
2.5 2.6142 2.37587
2.5 2.3599 2.33021
2.5 2.3822 2.6305
2.5 2.3888 2.33797
2.8 4.1113 3.27728
2.8 2.3339 2.57792
2.82 2.288 3.24705
2.5 2.3459 2.30432
2.82 2.6067 2.33429
2.5 2.3952 2.37002
2.8 2.3431 2.60835
2.5 2.3358 3.03922
3.14 2.4103 3.54149
2.8 2.3565 2.32317
2.5 2.3344 2.33831
2.82 2.6216 2.35431
2.5 2.6288 2.32344
2.5 2.6639 2.34896
2.5 2.6297 2.33557
3.12 2.3862 2.37737
2.82 2.6527 2.3288
2.5 2.6154 2.33027
2.5 2.6979 2.3462
2.5 2.6747 2.33199
2.8 2.3763 2.32906
2.5 2.3763 2.37628
3.12 4.458 3.43599
2.5 2.6275 2.34126
2.82 2.3576 2.47397
2.5 2.6095 2.28406
2.5 2.6117 2.36699
2.82 2.3573 2.61724
2.5 2.6087 2.32777
2.82 3.8791 3.78679
3.12 3.287 2.61682
2.8 2.4199 2.36327
2.5 2.4757 2.33931
2.5 2.381 2.32498
2.5 2.3779 2.42186
2.5 2.5011 2.64467
2.8 2.3841 2.34544
3.14 2.6303 2.50342
2.5 2.663 2.59017
2.5 2.3391 2.31729
2.82 2.3448 2.45877
2.5 2.3376 2.30578
2.8 2.6363 2.35383
2.5 2.4933 2.33942
2.82 3.2555 2.38678
2.82 2.5138 2.5862
2.5 2.6396 2.32241
2.5 2.6482 2.34624
2.5 2.8031 2.41065
2.8 2.4777 2.35444
2.5 2.6051 2.44374
2.5 4.2266 2.93105
2.82 2.6423 2.32815
2.82 2.3914 2.62867
2.5 2.3522 2.32454
2.5 2.6246 2.33333
2.5 3.3005 2.36072
2.5 2.3359 2.31644
2.5 2.3993 2.36403
2.8 2.366 2.62221
2.5 2.9088 3.57268
2.5 2.625 2.33291
2.5 2.5857 2.43906
2.5 2.6873 2.34581
2.82 3.5382 2.64863
2.5 2.4502 2.62929
3.12 2.4798 2.64575
2.5 2.3597 2.6081
2.82 2.4073 2.62191
2.8 2.6671 2.36371
2.5 2.6162 2.3812
2.5 2.6523 2.34553
2.5 2.3452 2.32558
3.14 2.4397 2.36606
2.8 2.3697 2.59908
2.82 2.3302 2.68936
2.5 2.3604 2.53147
2.5 2.3458 2.6101
2.5 2.3782 2.59012
2.8 2.6311 2.34981
2.5 3.2838 3.26065
2.8 2.3558 2.34198
2.5 2.371 2.68306
2.5 2.6176 2.35682
2.82 2.7053 2.36457
2.5 2.6148 2.37942
2.5 2.7838 3.47548
2.5 2.2899 2.26168
3.12 2.7252 2.40528
2.5 2.7365 2.42957
2.5 2.3363 2.32688
2.5 2.3458 2.43248
2.5 2.3848 2.3591
2.5 2.3502 2.33753
2.5 2.7551 2.39338
3.12 2.6904 2.34547
2.5 2.6435 2.3496
2.5 2.4679 3.78772
2.5 2.4024 2.61451
2.5 2.6932 2.36762
2.5 2.5569 2.31518
2.5 2.4077 2.33412
2.8 3.6243 4.17196
2.82 2.3632 2.42965
2.5 2.3429 2.28976
2.8 2.2903 2.31936
2.5 2.4383 2.34951
2.5 2.3779 2.32429
2.5 2.3562 2.30359
2.82 2.3686 2.60765
3.12 2.4569 2.61603
2.5 2.371 2.5984
2.5 2.3868 2.31706
2.5 2.6282 2.35005
2.5 2.6839 2.39776
2.5 2.6452 2.31869
2.5 2.3915 2.61633
2.82 2.3703 2.64635
2.5 2.3745 2.63551
2.5 2.5839 2.27012
2.8 2.3521 2.38544
2.5 2.3559 2.33051
2.82 2.3071 2.28739
2.5 3.7796 4.3807
2.5 2.3474 2.31827
3.14 2.2958 2.29161
2.8 2.4642 2.56537
2.5 2.6279 2.34726
2.5 2.3458 2.61604
2.82 2.3463 2.61471
2.5 2.6361 2.65634
2.8 2.6571 2.35225
3.12 2.4378 2.67681
2.5 2.3352 2.59096
2.5 2.456 4.56165
2.5 2.5581 2.31225
2.5 2.6318 2.32323
2.5 2.4458 2.6388
2.5 2.293 2.35828
3.14 2.416 2.64967
2.5 2.4069 2.66229
2.5 3.1764 2.33231
2.8 2.6705 2.51563
2.5 2.3661 2.4125
2.5 2.3393 2.34354
2.5 2.305 2.43695
2.8 4.6307 3.70194
2.82 2.393 2.36873
2.5 2.3506 2.40296
2.5 2.6169 2.34764
2.5 2.6128 2.33447
2.5 2.34 2.69379
2.5 2.3565 2.62969
2.5 2.3542 2.31611
3.12 2.4028 2.66191
2.5 3.1423 2.33474
2.5 2.6159 2.36855
2.5 2.3529 2.32196
2.82 2.696 2.32917
2.5 2.3076 2.63984
2.5 2.6568 2.32303
3.42 2.357 2.62305
2.5 2.6341 2.54208
2.5 2.3468 2.33833
2.5 2.322 2.55228
2.5 2.2829 2.68435
2.8 2.35 2.47877
2.5 2.3596 2.32918
3.12 3.1033 2.8793
2.5 2.6614 2.35008
2.5 2.3597 2.3005
2.5 2.6313 2.32408
2.82 2.3611 2.55668
2.5 2.3331 2.59691
2.5 2.353 2.32852
2.8 2.8498 4.49158
2.5 2.3739 2.3421
2.5 2.6364 2.32055
2.5 2.3431 2.70751
2.5 2.6342 2.39847
2.5 2.3688 2.32759
2.5 2.3776 2.60737
2.8 2.7064 2.40526
3.14 2.3428 2.35417
2.8 2.3614 2.6315
2.5 2.3773 2.60469
2.82 2.6351 2.3539
3.12 2.3604 2.57373
2.5 2.3733 2.65335
2.5 2.3548 2.77138
3.12 2.3405 2.68552
2.82 2.6359 2.33686
2.5 2.3324 2.35846
2.8 2.6727 2.35674
2.5 2.5964 2.31788
2.5 2.376 2.34708
2.5 2.3408 2.32475
3.12 2.6735 2.36822
2.5 3.1318 2.34945
2.5 2.66 2.32904
2.5 2.6433 2.37609
2.5 3.5169 3.90321
2.82 2.6181 2.49528
2.5 2.7894 2.36571
2.8 3.7464 3.62116
2.82 2.3285 2.57258
2.5 2.3435 2.36149
2.5 2.5005 2.33921
3.12 3.9855 4.19289
4.06 4.0101 4.05804
4.06 2.8227 2.77192
2.82 2.5497 2.28934
2.5 2.688 2.35934
2.5 2.6142 2.32665
2.5 2.356 2.62189
2.5 2.2819 2.55921
2.5 2.4443 2.66599
2.5 2.4547 2.59557
3.12 2.7716 2.38802
2.5 2.3322 2.29063
2.5 2.607 2.44718
2.5 2.3607 2.33908
2.82 2.3298 2.60824
2.5 2.3545 2.5977
2.5 2.3324 2.60635
3.12 2.4233 2.5931
2.5 2.341 2.61854
2.8 2.6102 2.32571
2.5 2.3392 2.58824
2.82 2.4309 2.33901
2.82 2.4261 2.73693
2.5 2.3796 2.62348
2.5 3.5951 3.95661
2.82 2.6436 3.02728
2.8 3.0285 2.42847
2.5 2.3819 2.65995
2.5 2.3696 3.00164
2.5 2.3621 2.80201
2.5 2.6129 2.29257
2.82 2.4262 2.60346
3.12 2.6171 2.35601
2.5 2.5999 2.34663
2.5 2.4166 2.36137
2.5 2.3684 2.35743
2.5 4.1662 3.70423
2.5 2.3743 2.59802
2.5 2.3469 2.64302
3.12 2.3457 2.36103
2.5 2.361 2.32187
2.5 2.3521 2.62309
2.5 2.3335 2.69471
2.5 2.6587 2.33691
2.5 2.6084 2.31571
2.5 2.6358 2.41882
2.82 4.2048 3.41372
2.5 2.4932 2.65756
2.5 2.6351 2.34953
2.5 2.5463 2.32667
2.5 2.702 2.33515
2.82 2.6492 2.48202
2.5 2.6501 2.32131
2.5 2.6115 2.36603
3.12 2.3738 2.60399
2.5 2.6395 2.35895
2.5 2.6613 2.37635
2.5 2.6122 2.31154
2.8 2.6452 2.327
2.82 2.375 2.73572
2.5 2.5717 2.64731
3.12 2.3538 2.62443
2.5 2.4229 2.62936
2.5 2.6383 2.3132
2.5 2.5874 2.39017
2.5 2.6705 2.34413
2.82 2.5517 2.36359
2.5 2.6042 2.3427
3.12 4.6128 4.45421
2.5 2.6793 2.33667
2.8 2.3428 2.60054
2.5 2.368 2.59737
2.5 2.3864 2.6868
2.5 2.3249 2.32196
2.82 2.5497 2.27768
2.5 3.3678 3.38226
2.82 2.524 2.36182
2.5 2.4077 2.62181
2.5 2.3339 2.30154
2.5 2.3485 2.56824
2.5 2.6611 2.37284
2.5 2.3747 2.67223
2.8 2.3539 2.62283
3.14 2.3527 2.83919
2.5 2.696 2.33477
2.5 2.379 2.31922
2.5 2.3744 2.33797
2.5 2.3563 2.34091
2.82 2.673 2.34537
2.5 2.6551 2.3512
3.12 4.8588 4.28736
2.5 2.6297 2.28288
2.82 2.6556 2.33578
2.5 2.7518 2.28039
2.5 2.6682 2.3678
2.5 2.5706 2.71089
2.5 2.3428 2.57946
2.82 3.4264 3.29449
3.12 2.3675 2.32546
2.5 3.1985 2.73779
2.5 2.3635 2.68775
2.5 2.6432 2.2753
2.5 2.3999 2.33021
2.82 2.3364 2.34654
2.5 2.691 2.64965
3.12 2.6178 2.36835
2.5 2.6793 2.34058
2.82 2.7314 2.39194
2.5 2.3348 2.59553
2.5 2.3483 2.69863
2.5 2.6675 2.33926
2.5 2.6153 2.42124
3.12 2.3576 2.63057
2.5 2.3931 2.65617
2.5 2.6849 2.32687
2.5 2.6994 2.32722
2.5 2.6411 2.3333
2.5 2.6321 2.28288
2.5 2.3425 2.26443
2.82 2.8944 4.40759
3.12 2.6776 2.562
2.5 2.6438 2.34234
2.5 2.6686 2.33992
2.5 2.6424 2.41162
2.5 2.6443 2.34325
2.5 2.7546 2.43545
2.5 2.7289 2.37393
3.12 2.368 2.32026
2.5 2.3974 2.43997
2.5 2.4154 2.64032
2.5 2.367 2.31861
2.5 2.3354 2.46175
2.82 2.3428 2.611
2.8 2.3506 2.58286
3.14 2.7605 2.74754
2.8 2.3678 2.3106
2.5 2.5522 2.61371
2.82 2.7088 2.3685
2.5 2.6278 2.34604
2.5 2.6259 2.71132
2.5 2.603 2.33349
3.12 4.9242 4.04417
2.82 2.6652 2.36383
2.5 2.3496 2.54155
2.5 2.6763 2.32284
2.5 2.3398 2.32777
2.8 2.3936 2.70461
2.5 2.5466 2.61549
2.82 4.0988 4.34921
2.8 2.3397 2.58024
2.5 2.3719 2.61113
2.5 2.6179 2.33777
2.5 2.3344 2.64081
2.5 2.3837 3.00919
2.82 2.4459 2.38854
2.5 2.3977 2.35539
3.14 2.6656 2.35776
2.5 2.6654 2.35871
2.8 2.3762 2.5954
2.5 2.3421 2.33529
2.5 3.6793 3.61759
2.5 2.3398 2.59518
2.5 2.7198 2.29976
3.14 2.3818 2.59721
2.5 2.6303 2.33754
2.82 2.4346 2.6837
2.5 2.3574 2.62193
2.5 2.3361 2.33012
2.5 2.5931 2.37545
2.8 2.3427 2.6385
2.8 2.352 2.65159
2.5 2.3486 2.6055
2.82 2.6738 2.39357
2.5 2.6006 2.33484
2.5 2.6169 2.33752
2.5 2.3495 2.64251
2.82 2.7619 2.69849
2.82 4.6962 4.01595
2.8 2.3257 2.72638
2.5 2.6003 2.32611
2.5 2.3524 2.33122
2.5 2.3459 2.34298
2.5 2.3442 2.35014
2.5 2.3407 2.71721
2.82 2.3644 2.35209
3.12 2.644 2.34334
2.5 2.3416 2.31565
2.5 2.406 2.44186
2.8 2.4073 2.47093
2.5 2.3813 2.63537
2.5 3.2555 2.77286
2.8 2.3828 2.36947
3.14 2.3394 2.69851
2.8 2.3319 2.36202
2.5 2.3547 2.61077
2.82 2.4014 2.62209
2.5 2.3793 2.59898
2.5 2.3489 2.35689
2.5 2.369 2.3291
2.5 4.0103 3.71939
2.8 2.4053 2.3852
2.5 2.3802 2.32737
2.5 2.3407 2.58324
2.82 2.6371 2.35708
2.5 3.1377 2.34969
2.8 2.3442 2.62445
2.5 2.3825 2.54322
2.82 2.351 2.60266
2.5 2.3425 2.37956
2.82 2.3874 2.66258
2.5 2.3504 2.3101
2.5 2.4566 2.3792
2.5 2.4293 2.30908
2.5 2.3447 2.67792
3.12 2.6113 2.37282
2.5 4.0611 2.65757
2.5 2.6767 2.49204
2.5 2.2982 2.41522
2.5 2.6503 2.33419
2.8 2.7917 2.37359
2.5 2.7363 2.32427
3.12 4.147 4.35447
2.82 2.3466 2.59348
2.5 2.6169 2.32893
2.5 2.7459 2.32144
2.5 2.6305 2.42573
2.5 2.6192 2.29888
2.5 2.6308 2.32308
2.5 2.3684 2.6377
3.12 2.6348 2.35003
2.5 2.3087 2.54278
2.5 2.4355 2.60822
2.5 2.3455 2.61655
2.5 2.3468 2.70217
2.5 2.3331 2.54505
2.5 2.3701 2.64725
3.12 2.3805 2.3792
2.5 2.3491 2.60029
2.5 2.6995 2.75457
2.8 2.6602 2.33173
2.5 2.6186 2.33223
2.82 2.4276 2.7834
2.5 4.1364 2.59648
3.14 4.3858 2.34992
2.5 2.6065 2.33236
2.5 2.3802 2.63761
3.14 2.3005 2.54233
2.5 2.6599 2.35205
2.5 2.367 2.77761
2.5 2.3679 2.60681
2.82 4.5564 3.52243
2.5 2.2952 2.35152
2.5 2.3646 2.32012
2.5 2.3708 2.60526
2.5 2.6584 2.33881
2.5 2.6803 2.36957
2.5 2.7896 2.34523
2.82 2.3425 2.51652
2.82 2.65 2.33392
2.5 2.3524 2.31949
2.82 2.5637 3.01438
2.5 2.6109 2.33183
2.5 2.6573 2.33856
2.5 2.633 2.34617
2.5 2.5668 2.27641
3.12 2.707 2.35353
2.5 2.6359 2.3316
2.5 2.6814 2.51533
2.5 2.8865 2.32654
2.8 2.3381 2.72005
2.82 2.3317 2.45233
2.5 2.8931 2.31993
2.82 3.3282 2.53171
2.5 2.3735 2.60789
2.5 2.6362 2.33649
2.5 2.3402 2.6937
2.82 2.3396 2.59255
2.5 2.336 2.60071
2.82 2.3878 2.31971
2.5 3.3094 2.82764
2.82 2.4081 2.60072
2.5 2.3467 2.61633
2.5 2.6742 2.33104
2.5 2.3598 2.32304
2.5 2.712 2.43883
2.5 2.4186 2.68282
2.5 2.7465 2.65534
3.44 2.5229 2.61783
2.5 2.5682 2.61724
2.5 2.682 2.34439
3.44 2.9308 3.16823
3.76 3.5499 3.70937
2.8 2.6933 2.37258
3.44 3.2797 3.48188
2.82 2.7255 2.41597
2.8 3.204 2.40168
2.5 2.701 2.38685
4.06 3.4185 3.6431
3.12 2.7238 2.39278
3.44 4.4821 4.11697
2.5 2.329 2.2881
2.5 2.6429 2.32396
2.5 2.6423 2.34141
2.5 2.6418 2.3219
2.5 2.5007 2.34907
2.5 2.5418 2.42476
3.42 3.93 3.8228
3.14 2.4164 2.69232
2.8 2.3725 2.38907
2.5 2.7837 2.35045
2.5 2.6145 2.34645
2.5 2.7445 2.38902
2.82 2.4713 2.60753
2.8 3.4024 3.49506
3.12 2.4186 2.61807
2.5 2.3486 2.721
2.5 2.6178 2.30468
2.82 2.3547 2.52283
2.5 2.3812 2.33661
2.8 2.3656 2.31955
2.5 2.3613 2.37541
3.14 2.6177 2.32401
2.8 2.372 2.35178
2.5 2.3527 2.33458
2.82 2.3287 2.65429
2.5 3.2767 3.30929
2.5 2.6307 2.35497
2.5 2.6574 2.3261
3.14 2.8567 2.36217
2.8 2.2937 2.60358
2.5 2.3487 2.69243
2.82 2.3528 3.11863
2.82 2.5868 2.31387
2.5 2.6665 2.38133
2.8 2.3527 2.3085
2.5 3.2848 3.27577
3.12 3.8977 2.39025
2.5 2.3442 2.67265
2.5 2.3347 2.59049
2.5 2.6437 2.35668
2.5 2.658 2.32662
2.5 2.5743 2.29908
2.5 2.6237 2.34375
2.82 2.3015 2.529
2.5 2.3352 2.35313
2.82 4.0164 2.59648
2.8 2.4174 2.63464
2.5 2.3699 2.58824
2.82 2.3628 2.60285
2.5 2.3791 2.63251
3.12 2.3919 2.61838
2.5 2.3452 2.38338
2.5 2.3454 2.60511
2.5 3.0129 2.94599
2.5 2.3447 2.33476
2.5 2.3249 2.33422
2.5 2.3491 2.56432
2.8 4.2353 4.106
2.82 2.3515 2.56341
2.5 2.6305 2.37396
2.5 2.3321 2.3409
2.82 2.3402 2.64551
2.5 2.3528 2.62252
2.5 2.3459 2.64396
2.5 2.3431 2.62067
3.12 2.368 2.48719
2.8 2.6159 2.32844
2.5 2.4332 2.65008
2.5 2.6389 2.38366
2.82 2.4007 2.35781
2.5 2.4051 2.60167
2.5 2.3003 2.60643
3.14 2.3699 2.62106
2.5 2.6791 2.35049
2.5 2.3941 2.31602
2.5 2.6695 2.68603
2.8 2.3301 2.70723
2.5 2.6326 2.32936
2.5 2.3835 2.63777
3.12 2.3725 2.35316
2.5 2.3757 2.32394
2.5 2.6329 2.4193
2.5 2.3646 2.58353
2.5 2.7319 2.34493
2.5 2.6392 2.35989
2.82 3.2887 3.57703
2.8 4.4192 4.86131
2.82 2.3403 2.31092
2.8 2.3619 2.32217
2.5 2.3397 2.33078
2.82 2.5455 2.63675
2.5 2.3274 2.53786
2.5 2.3512 2.63298
2.5 2.3813 2.60971
3.12 2.6381 2.34786
2.5 2.6214 2.33955
2.82 2.8581 2.50693
2.82 2.3053 3.22866
2.8 2.339 2.34567
2.5 2.2967 2.27217
2.5 2.2959 2.35742
3.12 2.3449 2.68783
2.82 2.3436 2.3397
2.5 2.6996 2.39091
2.5 2.3602 2.34486
2.82 2.3426 2.36282
2.82 2.4605 2.6356
2.5 2.4009 2.48872
3.12 2.3629 2.6084
2.5 2.4035 2.70313
2.8 2.34 2.52817
2.5 2.3586 2.32103
2.82 2.5683 2.32227
2.5 2.8191 2.60829
2.5 2.6263 2.34435
2.82 4.7082 3.85977
2.8 2.3595 2.59303
2.5 2.3796 3.92377
2.5 2.5983 2.32282
2.5 2.3726 2.59912
2.5 2.3538 2.68442
2.8 2.7002 2.34403
2.5 2.6253 2.2853
3.12 2.5986 2.36276
2.5 2.6544 2.3407
2.5 2.3389 2.60269
2.82 2.3951 2.34586
2.5 2.4558 2.64267
2.5 2.3524 2.62118
2.5 2.3775 2.59839
2.82 2.2906 2.3039
2.5 2.6225 2.31508
2.82 2.397 2.61929
2.5 2.3472 2.61473
2.5 2.6363 2.35615
2.5 2.6111 2.29049
2.82 2.6241 2.33066
2.82 4.4029 3.49722
2.8 2.3392 2.597
2.82 2.4388 2.73647
2.5 2.8087 2.33118
2.5 2.6733 2.33904
2.5 2.6584 2.3559
2.5 2.623 2.33856
2.82 3.5947 3.10783
2.8 2.3551 2.32859
2.5 2.402 2.34111
2.5 2.654 2.3244
2.8 2.3616 2.62375
2.5 2.5188 2.56594
2.5 2.3617 2.61856
2.5 2.3299 2.6054
3.12 2.3405 2.71612
2.5 2.3588 2.60641
2.5 2.3528 2.61988
2.8 2.6041 2.32584
2.5 2.352 2.37591
2.5 2.6493 2.28491
2.82 2.6717 2.34469
2.8 2.3503 2.58973
2.82 3.7028 2.903
2.82 2.6683 2.32972
2.5 2.3344 2.63106
2.5 2.4841 2.28545
2.82 2.302 2.27658
2.5 2.3582 2.32189
2.5 2.9187 3.74269
3.14 2.3811 2.78262
2.5 2.7155 2.3855
2.5 2.3821 2.63305
2.5 2.6675 2.34352
2.5 2.4718 2.29181
2.5 2.3444 2.33147
2.5 2.6693 2.35634
3.12 2.3623 2.32789
2.8 2.3275 2.6208
2.5 2.344 2.61851
2.82 2.6453 2.38802
2.5 2.6601 2.33399
2.82 2.3647 2.36923
2.5 2.6664 2.39434
3.12 2.6115 2.38382
2.5 2.6059 2.33204
2.5 2.6317 2.33552
2.5 2.3393 2.6252
2.5 3.1408 2.76182
2.5 2.6499 2.32999
2.5 2.6072 2.3412
2.5 2.6625 2.33598
2.82 2.3727 2.62156
2.5 2.3302 2.30978
2.8 2.4653 2.48892
2.5 2.377 2.62157
2.5 2.3545 2.33226
2.82 2.6395 2.32438
2.5 2.3442 2.72666
3.12 2.6654 2.34666
2.5 2.5512 2.39076
2.5 3.5672 3.22307
2.5 2.3497 2.61425
2.82 2.3916 2.466
2.5 2.3614 2.31673
2.8 2.3501 2.35798
3.14 3.7738 4.71113
2.8 2.6168 2.36371
2.82 2.5774 2.33819
2.5 2.6286 2.63755
2.5 2.9258 2.3999
2.5 2.3137 2.6448
2.5 2.3408 2.31353
2.5 3.2922 3.37743
2.82 2.3575 2.62598
2.82 2.6716 2.35949
2.5 2.3378 2.45297
2.8 2.3827 2.64451
2.82 2.3687 2.31833
2.5 2.3588 2.59484
2.8 2.3578 2.61198
3.14 2.3559 2.32089
2.8 4.3222 4.03446
3.44 2.8913 2.70007
2.8 3.1953 2.42875
2.82 2.4012 2.66723
2.82 3.3578 2.48133
3.12 3.6025 3.87841
3.12 2.4094 2.69477
3.44 4.2246 4.49467
3.44 2.5413 3.00728
3.12 2.4603 2.82806
2.82 2.4424 2.51894
2.8 2.3626 2.64496
3.14 2.7806 2.34329
2.5 3.811 2.55101
2.5 2.6339 2.331
2.82 2.4371 2.4067
3.42 2.7271 2.48053
3.14 2.425 2.68205
2.5 3.708 3.3844
2.82 2.3284 2.60572
2.5 3.4031 4.06389
2.5 2.6303 2.31789
2.5 2.3641 2.71245
2.8 2.3447 2.33095
2.5 2.5264 2.27713
2.5 2.6322 2.34296
2.82 2.3342 2.68761
2.5 2.4437 2.64298
2.5 2.3616 2.62302
2.82 2.3323 2.59195
2.5 3.8079 2.47529
2.5 2.4575 2.33336
2.5 2.3952 2.54299
2.82 4.5 4.66322
2.8 2.6177 2.30331
2.82 2.7691 2.32775
2.5 2.6826 2.38063
2.82 2.6858 2.35101
2.8 2.3697 2.61379
2.5 2.4144 2.68046
2.82 2.5682 3.43717
3.12 2.3513 2.33129
2.82 2.5417 2.28603
2.8 2.4093 2.34328
2.82 2.6022 2.38194
2.82 2.5738 2.67162
2.8 2.3635 3.04252
2.5 2.509 3.519
3.12 2.3833 2.81768
2.5 2.8942 2.34645
2.5 2.6795 2.37585
2.5 2.8464 2.38848
2.5 2.3516 2.36595
2.5 2.7886 2.40159
2.8 2.3526 2.32444
3.14 2.4925 3.32591
2.5 2.532 2.33618
2.82 2.3235 2.79328
2.5 2.3635 2.83257
2.82 2.306 2.55682
2.5 2.6101 2.36245
2.8 2.2792 2.77973
3.14 2.7997 2.42472
2.8 2.373 2.84083
2.82 2.5658 2.3447
2.5 2.6551 2.33128
2.5 2.6842 2.55864
2.5 2.3685 2.33886
2.5 2.9625 2.36893
3.12 2.3626 2.32217
2.5 2.8524 2.3413
2.8 2.3733 2.94004
2.5 2.3442 2.56693
2.8 2.364 2.61054
2.82 2.3356 2.35044
2.5 2.8262 2.32485
3.12 2.3653 2.34347
2.82 2.9999 2.36522
2.5 2.6649 2.34099
2.5 2.4259 2.50245
3.12 2.7353 2.33001
2.82 2.3996 2.3274
2.82 2.8555 2.37266
3.12 2.5802 2.34092
2.5 2.3629 2.87253
2.8 2.7165 2.35254
2.5 2.2878 2.82236
2.5 2.6612 2.47942
2.5 2.7822 2.30301
2.5 2.5789 2.69406
3.12 2.3705 2.33694
2.5 2.8798 2.30857
2.5 2.3327 2.80365
2.8 2.3493 2.3514
2.82 3.1597 3.20862
2.8 2.3576 2.84801
2.5 2.3286 2.8314
3.12 2.3528 2.85814
2.5 2.5975 2.39801
2.82 2.8507 2.30142
2.5 2.3829 2.85636
2.5 2.3763 3.01957
2.5 2.7523 2.45595
2.5 2.706 2.32319
3.14 2.4285 2.63271
2.5 2.847 2.33102
2.5 2.6035 2.6257
2.82 2.8365 2.33434
2.5 2.3677 2.9422
2.5 2.5574 4.05433
2.5 2.7894 2.39354
2.8 4.4373 4.47313
2.82 2.5234 2.34545
2.5 2.673 2.32356
2.5 2.428 2.33971
2.5 2.3461 2.84267
2.82 2.3666 2.33065
2.5 2.3434 3.07118
2.5 3.8997 3.59382
2.82 2.3761 2.85202
2.5 2.3488 2.38128
2.8 2.644 2.33821
2.5 2.3295 2.37523
2.5 2.3751 2.33888
2.5 2.6728 2.26612
2.8 3.5844 3.40901
3.12 2.6058 2.33085
2.5 2.6223 2.50411
2.82 2.4377 2.37926
2.5 2.8454 2.34122
2.82 2.3771 2.32569
2.82 2.3624 2.33484
2.5 2.7119 2.42995
3.12 2.3161 2.56333
2.82 2.8774 2.33578
2.5 2.9617 2.83263
2.5 2.3502 2.88883
2.5 2.3533 2.61275
2.82 2.8437 2.35628
2.5 2.4187 2.92504
3.12 2.3569 2.913
2.5 3.0769 2.31636
2.82 2.3543 2.59235
2.82 2.3354 2.78045
2.8 2.5348 2.85327
2.82 2.377 2.33068
2.82 2.7301 2.40913
3.12 2.3707 2.29683
2.8 2.8077 2.34094
2.5 2.3844 2.88927
2.5 2.3357 2.38899
2.5 2.8291 2.39055
2.8 2.7495 2.38555
2.5 2.4075 2.86318
3.12 2.4183 2.68753
2.5 2.7385 2.56304
2.5 2.3819 2.34175
2.82 2.365 2.68086
2.82 2.632 2.34521
2.8 2.7765 4.95729
2.82 2.3393 2.85704
3.12 2.6366 2.35507
2.82 2.8337 2.32638
2.8 2.3375 2.65838
2.5 2.6429 2.47644
2.5 2.4908 2.80601
2.82 2.7956 2.44019
2.8 2.6614 2.31705
3.44 3.386 2.38973
2.5 2.4414 2.76758
2.5 2.29 2.53501
2.8 2.638 2.33975
2.5 2.6151 2.39404
2.5 2.3111 2.7163
2.82 2.3543 2.33311
3.12 2.3474 2.77131
2.5 2.334 2.59384
2.5 2.3495 2.616
2.5 2.3272 2.68027
2.5 2.3613 2.634
2.5 2.641 2.34187
2.8 2.6344 2.3318
2.82 4.4979 4.05821
2.5 2.7174 2.29214
2.5 2.6124 2.37925
2.5 2.9299 2.394
2.5 2.6288 2.46065
2.82 2.6327 2.33825
2.8 2.7875 2.72684
2.5 2.3371 2.3197
3.12 2.6465 2.35827
2.5 3.1331 2.63223
2.5 2.4379 2.63663
2.5 2.2825 2.60561
2.5 2.4507 2.8017
2.5 2.3776 2.70535
2.82 2.3658 2.62511
3.12 2.7443 2.33083
2.5 2.6348 2.33173
2.5 2.6356 2.36268
2.5 2.6298 2.38705
2.5 2.3538 2.82105
2.82 2.5719 2.28095
2.5 2.6705 2.34732
2.8 4.3155 4.44835
2.5 2.3287 2.59603
2.82 2.5494 2.25957
2.5 2.691 2.33911
2.8 2.714 2.35149
2.5 2.3571 2.6232
2.5 2.3798 2.62855
2.8 2.6924 2.35563
3.14 2.5677 2.29456
3.12 2.9687 2.63392
2.5 2.3518 2.58785
2.5 2.8343 2.37701
2.8 2.3494 2.32939
2.5 3.5249 3.23597
2.5 2.6307 2.33073
3.14 2.3779 2.34699
2.5 2.3391 2.59456
2.5 2.3547 2.33767
2.5 2.369 2.53989
2.82 2.3729 2.34668
3.12 4.1551 4.56997
4.06 3.3902 3.53809
3.14 2.7225 2.3931
2.8 2.6951 2.60788
3.44 2.9018 2.50577
2.8 2.7837 2.42447
2.82 2.7601 2.40519
3.42 2.9101 4.35963
3.76 2.5115 2.72729
3.12 3.6609 3.31199
2.8 2.4176 2.31555
2.5 2.3326 2.31401
2.5 2.3309 2.59104
2.82 3.6436 2.64792
2.8 3.1814 3.80455
3.14 3.1007 2.43791
2.82 4.1933 2.44604
2.8 2.4254 2.39241
2.5 2.6395 2.32255
2.5 2.7259 2.37938
2.8 4.0648 2.37476
2.82 2.4982 3.27778
3.12 2.384 2.35746
2.5 2.3349 2.33847
2.82 2.3463 2.35083
2.5 2.7085 3.48617
3.14 2.4874 2.74061
3.12 4.0477 4.01398
3.44 3.7805 4.15558
2.8 2.3665 2.61044
2.5 2.4005 2.72205
2.5 2.4095 2.65997
2.82 2.3434 2.33005
2.8 2.3542 2.68801
2.5 2.3509 2.69216
2.82 3.3011 3.30099
2.8 2.6128 2.34462
2.5 2.6317 2.32044
2.5 2.6039 2.36649
2.5 2.616 2.3291
2.5 2.3807 2.63474
2.5 2.3095 2.57981
2.5 2.4234 2.32102
3.12 2.3782 2.64871
2.5 2.3351 2.59525
2.82 2.7256 2.3787
2.5 2.3977 2.75061
2.82 2.4765 2.67126
2.8 2.403 2.56179
2.82 2.4099 2.65463
2.82 2.664 2.39153
2.5 2.6432 2.36352
2.5 2.3976 2.34267
2.5 2.4823 2.3659
2.5 2.3617 2.33452
2.5 2.4084 2.66331
2.5 2.5104 2.6602
2.5 3.4776 4.46536
2.8 2.3584 2.61835
2.82 2.7469 2.38503
2.5 2.6688 2.33159
2.82 2.3499 2.60815
2.5 2.3847 2.66398
2.5 2.3353 2.61762
2.82 2.4149 2.63052
2.82 2.6098 2.33861
2.5 2.6556 2.39764
2.5 2.6421 2.33016
2.5 2.6021 2.26752
2.5 2.3713 2.68999
2.8 2.3484 2.63482
2.5 2.5746 2.3383
3.14 2.6242 2.35155
2.5 2.614 2.3171
2.5 2.726 2.33203
2.5 2.5655 2.27756
2.5 2.6579 2.3269
2.82 2.6435 2.36008
2.5 2.6348 2.42891
3.12 4.2898 4.6044
2.8 2.6612 2.36402
2.82 2.6748 2.58266
2.5 2.6714 2.36358
2.5 2.6083 2.32737
2.5 2.4218 2.51388
2.5 2.2931 2.29791
2.5 2.3395 2.64302
2.82 3.5536 2.39884
2.5 2.6281 2.43042
2.5 2.3416 2.30954
2.82 2.3481 2.59677
2.5 2.3462 2.30983
2.5 2.3384 2.33016
2.5 2.4587 2.62314
2.82 2.6197 2.42201
2.5 2.5082 2.33226
2.5 2.625 2.39662
2.5 2.3438 2.30253
2.5 2.382 2.34446
2.5 2.3424 2.41197
2.5 2.5434 2.64025
2.5 3.6211 3.57174
2.8 2.3407 2.422
2.5 2.3651 2.48814
2.5 2.3213 2.3322
2.5 2.3951 3.81915
2.8 2.3356 2.60913
2.5 2.3623 2.61379
2.82 2.3316 2.64489
3.12 2.3655 2.34396
2.5 2.346 2.30597
2.5 2.5662 2.40814
2.5 2.3653 2.59796
2.8 2.3486 2.59543
2.5 2.3615 2.62436
2.5 2.3265 2.68056
3.12 4.1595 4.53059
2.5 2.3512 2.36366
2.5 2.4199 2.3357
2.5 2.3341 2.36806
2.5 2.7209 2.38575
2.8 2.3601 2.35118
2.5 2.4606 2.41632
2.82 2.3343 2.83743
3.12 2.3847 2.33523
2.5 2.3894 2.26271
2.5 2.4716 2.6161
2.5 2.633 2.32232
2.5 2.9955 2.34931
2.5 2.6161 2.38778
2.5 2.6333 2.33024
3.12 2.346 2.67156
2.5 2.3532 2.6183
2.5 2.3178 2.53116
2.8 2.561 2.69141
2.5 2.3025 2.62032
2.5 2.6582 2.48164
2.82 2.3763 2.41722
3.12 4.1192 2.53384
2.5 2.6136 2.32948
2.5 2.6177 2.32742
2.8 2.2895 2.53061
2.5 2.3524 3.28502
2.8 2.3505 2.60412
2.5 2.3457 2.72807
3.14 4.5371 4.12861
2.8 2.543 2.35029
2.5 2.3771 2.3625
2.5 2.3257 2.34397
2.5 2.3949 2.68184
2.5 3.7064 2.93724
2.5 2.3652 2.32559
2.5 2.4077 2.53168
3.12 2.3505 2.6703
2.5 2.3353 2.6161
2.5 2.2854 2.5728
2.5 2.3689 2.61104
2.5 2.4058 2.63119
2.5 2.3324 2.68996
2.5 2.3873 2.66218
3.12 2.6568 2.357
2.5 2.3441 2.35931
2.5 2.3535 2.33523
2.5 2.3548 2.34035
2.5 2.6322 2.33125
2.5 2.3644 2.36766
2.5 2.3916 2.63658
3.12 4.6149 3.22677
2.5 2.3931 2.33134
2.5 2.338 2.33792
2.5 2.427 2.44181
2.8 2.3557 2.32862
2.5 2.521 2.39293
2.82 2.3837 2.64309
2.5 3.3809 3.44473
2.82 2.373 2.29666
2.5 2.3953 2.51676
2.5 2.3583 2.32076
2.5 2.35 2.33437
2.5 2.505 2.34
2.5 2.4886 2.67167
2.82 2.5618 2.3223
3.12 2.3828 2.62736
2.5 2.6395 2.34124
2.5 2.6382 2.41143
2.5 2.6655 2.28995
2.82 2.7886 2.34874
2.5 2.6496 2.33641
2.82 2.6499 2.3603
3.12 2.6797 2.42414
2.82 2.5998 2.35298
2.5 2.6085 2.34117
2.8 2.6984 2.38368
2.5 2.6251 2.33786
2.82 2.3462 2.61486
2.5 2.3383 2.56778
2.8 3.314 3.83642
3.14 2.619 4.25862
2.5 2.3411 2.61338
2.5 2.6165 2.36693
2.5 2.6788 2.33036
2.5 2.6187 2.32002
2.82 2.3407 2.46654
2.5 2.339 2.29358
3.12 2.3669 2.59805
2.5 2.4453 2.38942
2.5 2.5274 2.29988
2.5 2.3487 2.31721
2.5 2.3476 2.47232
2.8 2.283 2.26325
2.5 2.4618 2.66752
3.14 4.1659 3.35247
2.5 2.357 2.6683
2.5 2.3015 2.59433
2.5 2.3448 2.58742
2.8 2.3908 2.60649
2.5 3.134 2.7444
3.12 2.452 2.42977
2.82 4.3194 4.9114
2.8 2.3915 2.67208
2.5 2.3612 2.36018
2.5 2.7053 2.69466
2.8 2.3378 2.58804
2.82 2.3972 3.49986
2.5 2.3462 2.6379
2.5 4.16 3.51731
2.82 2.3493 2.32479
2.5 2.3332 2.60257
2.5 2.3702 2.61809
2.5 2.3418 2.66335
2.5 2.6173 2.3002
2.5 2.3589 2.34771
2.5 2.3439 2.3153
3.14 2.3626 2.34076
2.5 2.8324 2.34601
2.82 2.3055 2.62352
2.5 2.6383 2.38968
2.5 2.6504 2.33937
2.5 2.3417 2.60468
2.5 2.4277 2.63688
3.12 2.3638 2.64527
2.82 2.3783 2.38863
2.5 3.9239 2.83086
2.5 2.6558 2.33028
2.5 2.3653 2.35688
2.5 2.3098 2.29877
2.5 2.831 2.36321
2.82 3.0174 4.29599
2.5 2.8147 2.33407
2.5 2.4156 2.31689
2.5 2.3365 2.32259
2.5 2.6077 2.33615
2.82 4.2753 3.79223
2.82 2.6626 2.38046
2.5 3.4113 3.40924
2.82 2.3777 2.63488
2.5 2.3506 2.33889
2.5 2.6374 2.33977
2.5 2.6011 2.53045
2.82 2.3795 2.3867
2.5 2.6305 2.35465
2.5 2.6466 2.32924
3.14 2.3581 2.67618
2.5 2.6414 4.36522
2.82 2.3094 2.53886
2.5 2.6444 2.36975
2.82 2.3662 2.37471
2.8 2.6367 2.3309
2.5 2.706 2.32668
3.12 2.76 2.33437
2.5 2.3591 2.342
2.5 2.4103 2.80639
2.5 2.3353 2.60328
2.5 2.351 2.60875
2.5 3.6309 3.28677
2.5 2.3308 2.32687
2.82 4.5471 4.51229
2.82 2.3759 2.61755
2.8 2.5637 2.83079
2.5 2.4721 2.41626
2.5 2.5989 2.64664
2.5 2.6486 2.36127
2.5 2.6397 2.34801
2.5 2.6437 2.33695
3.14 2.6269 2.32497
2.8 2.7708 3.75047
2.5 2.3272 2.32189
2.82 2.3912 2.66694
2.8 2.362 2.60452
2.5 2.6234 2.28669
2.5 2.3595 2.61307
3.12 2.6123 2.3433
2.5 2.3704 2.34305
2.5 2.6283 2.26784
2.5 2.3495 2.32073
2.5 2.2871 2.53867
2.5 2.3612 2.32985
2.82 2.3502 2.30784
3.12 3.5138 2.35447
2.82 2.3707 2.59
2.5 2.6263 2.32479
2.5 2.6382 2.32593
2.5 2.6125 2.53842
2.5 2.3827 2.67337
2.5 2.342 2.60319
2.5 3.3634 3.43764
2.82 2.6713 2.32101
2.5 2.6658 2.37784
2.5 2.3718 2.58658
2.5 2.3405 2.33767
2.5 2.3359 2.66455
2.5 2.3459 2.31944
2.8 2.35 2.32825
3.14 2.7614 2.52068
2.5 2.3548 2.60021
2.5 2.3621 2.33436
2.5 2.2915 2.36221
2.5 2.3604 2.38231
2.8 2.8039 2.3428
2.5 2.6151 2.31487
3.14 2.6013 2.39398
2.5 2.386 2.57809
2.82 2.5947 2.31035
2.5 2.6181 2.37287
2.5 2.7258 2.52693
2.5 2.6217 2.30763
2.8 2.3975 2.60454
3.12 3.8095 4.02321
2.82 2.3582 2.3227
2.5 2.4029 2.31709
2.5 2.3602 2.65587
2.5 2.3361 2.69692
2.5 2.6092 2.31694
2.82 2.3419 2.34346
2.5 4.3032 2.86115
2.82 2.3312 2.59745
2.5 2.367 2.33493
2.5 2.3571 2.30981
2.5 2.2862 2.31504
2.5 2.6151 2.34722
2.82 2.3621 2.3581
2.8 2.334 2.67771
2.82 2.5594 2.28888
2.5 2.6908 2.4396
2.8 3.6173 2.64243
2.5 2.668 2.68349
2.5 2.3814 2.60524
2.8 2.8617 2.35011
2.5 2.7777 2.52026
3.44 2.3803 2.69589
2.82 2.6165 2.59279
2.5 2.3435 2.65954
2.5 2.3685 2.67462
2.5 2.3497 2.32185
2.8 2.7982 2.93988
2.82 2.867 2.3463
3.12 2.6518 2.34258
2.82 2.4172 3.00444
2.5 2.3574 2.3233
2.8 2.3424 2.62318
2.82 3.0137 2.36845
2.8 2.8015 2.92732
2.82 2.3357 2.72228
2.82 3.3929 3.95606
2.5 2.4112 4.6362
2.5 2.3605 2.65613
2.8 2.3471 2.37675
2.82 2.3625 2.32934
2.5 2.7567 2.33564
2.5 2.7695 2.71782
2.82 4.659 3.08985
2.5 2.8621 2.40337
2.5 2.3408 2.34754
2.5 2.3493 2.66135
2.5 2.892 2.44201
2.82 2.3533 2.84063
2.8 2.4049 2.84582
2.82 2.7755 2.35153
2.8 2.4207 2.94896
2.82 2.3369 2.83258
2.82 2.6176 2.3515
2.8 2.8491 2.3351
2.5 2.3495 2.88224
2.5 2.3695 2.35269
2.82 4.779 3.70232
2.8 2.4244 2.99877
2.5 2.3405 2.3399
2.5 2.7615 2.39042
2.5 2.6242 2.37725
2.5 2.3368 2.60862
2.82 2.3728 2.60357
2.8 4.1292 3.83958
2.82 2.8657 2.33451
2.5 2.6247 2.36308
2.5 3.8213 3.24361
2.82 2.3599 2.38966
2.8 2.7931 2.34692
2.5 4.2723 3.99782
2.8 4.0106 3.88339
3.14 2.4429 2.40844
2.8 2.427 2.34386
2.5 2.8039 3.00601
2.8 2.5005 2.30512
2.5 2.6555 2.35829
2.5 2.7451 2.32148
2.5 3.4641 4.16797
2.82 2.8644 2.36063
2.5 2.3094 2.37169
2.5 2.4125 2.87169
2.82 3.0205 2.30804
2.5 2.6409 2.60999
2.82 2.6861 2.35038
2.8 2.9483 2.34657
3.14 2.3456 2.94212
2.5 2.8144 2.30005
2.5 2.7068 2.3699
2.82 2.659 2.42465
2.8 2.8319 2.68646
2.82 3.0347 2.41499
2.5 2.7094 2.43296
3.12 2.4342 2.93674
2.82 2.3359 2.91582
2.5 2.364 2.80665
2.8 2.5365 2.29005
2.5 2.4673 2.88686
2.5 2.2825 2.68709
2.8 2.4342 2.67716
3.12 2.4369 2.37453
2.82 2.3161 2.71759
2.82 2.6442 2.35149
2.8 2.3468 2.83375
2.5 2.882 2.35342
2.8 2.8508 2.32417
2.5 2.3621 2.79119
2.82 2.2835 2.74926
2.5 2.3704 2.27904
2.5 2.4801 2.32751
2.5 3.3808 4.32238
2.5 2.6118 2.35912
2.8 2.5916 2.36458
2.5 2.3501 2.66404
2.8 2.4193 2.355
2.5 2.3825 2.59013
2.5 2.6251 2.35329
2.5 2.7138 2.37923
2.5 2.281 2.33406
2.5 2.3431 2.39499
2.5 2.3402 2.32016
2.5 3.3788 3.47977
2.8 2.6354 2.56585
2.82 2.9348 2.35885
2.8 2.3667 2.89229
2.82 2.3505 2.82773
2.5 2.3827 2.36697
2.5 2.5838 2.34338
2.8 2.3609 4.04234
2.82 2.8768 2.36965
2.8 2.7953 2.33362
2.5 2.3426 2.94556
2.5 2.7435 2.35662
2.5 2.3529 2.89305
2.82 2.8844 2.35154
2.82 2.3525 2.29729
3.12 2.3546 2.34406
2.82 2.4459 2.3455
2.8 2.5888 2.37786
2.82 2.352 2.92357
2.5 2.3058 2.30789
2.5 2.5384 2.69867
2.5 2.3712 2.78348
3.12 2.5321 2.343
2.82 2.9551 2.38403
2.5 2.8727 2.40118
2.5 2.3703 2.59466
2.5 2.3811 2.62349
2.8 2.3634 2.63969
2.82 2.6969 2.36728
3.12 2.9259 2.37946
2.82 2.3233 3.94125
2.5 2.5187 2.86661
2.5 2.3707 2.72554
2.5 2.3796 2.86155
2.5 2.3132 2.32816
2.8 2.9805 2.3446
3.44 2.4091 2.88409
2.5 2.4204 2.31909
2.5 2.3887 2.90869
2.5 3.0746 2.35273
2.8 2.6981 2.67726
2.82 2.4945 2.91551
2.8 2.3461 2.8688
3.14 2.3452 2.97003
2.5 2.3719 2.36167
2.82 2.9376 2.38389
2.82 2.3477 2.3508
2.8 2.3864 2.32842
2.5 2.8771 2.36423
2.5 2.3867 2.68004
3.44 2.9064 2.38715
2.8 2.37 2.84363
2.82 2.9196 2.33829
2.82 2.3685 2.97173
2.8 2.7829 2.57314
2.82 3.2326 2.41907
2.8 2.3726 2.84896
3.14 2.9966 2.42686
2.5 2.352 2.46232
2.5 2.5747 2.36238
2.5 2.4171 2.73363
2.8 2.3824 2.81028
2.82 2.7003 2.46889
2.8 2.396 2.68906
3.14 4.4232 4.62868
2.5 2.3549 2.77242
2.82 2.3454 2.82431
2.82 2.5733 2.33848
2.5 2.5386 2.89748
2.5 2.3605 2.66299
2.5 2.3473 2.36844
3.12 4.0977 4.6941
2.82 2.8656 2.36134
2.5 2.3035 2.26369
2.5 2.4007 2.83943
2.82 2.3521 3.3035
2.8 2.8361 2.42084
3.12 2.8904 2.35037
3.14 4.1987 2.35543
2.8 2.3572 2.6809
2.82 2.3307 2.91262
2.5 2.39 2.69328
2.5 2.3479 2.36922
2.5 2.3702 2.66657
2.5 2.3981 2.35475
3.12 2.9134 2.37598
2.82 2.3456 2.3276
2.8 2.3798 2.616
2.5 2.8354 2.3506
2.5 2.3639 2.39387
2.5 3.0349 2.32829
2.8 2.8815 2.35971
2.82 3.9215 3.28058
3.12 2.693 2.33247
2.82 2.7253 2.33787
2.5 2.3396 2.79176
2.82 2.3566 2.32952
2.82 2.3505 2.75115
2.8 2.3955 2.41147
2.5 2.8185 4.49375
3.12 3.3314 3.18052
2.82 2.7282 2.50468
2.8 2.3619 2.33829
2.5 2.7771 2.32994
2.5 3.4779 3.36318
2.5 2.6082 2.49026
2.8 2.9422 2.39049
3.12 2.8692 2.36758
2.5 2.3273 2.92945
2.82 2.4347 2.35226
2.5 2.6106 2.54333
2.5 2.3705 2.86138
2.5 2.8481 2.33261
2.5 2.3685 2.33793
3.12 2.5793 2.43087
2.5 2.8507 2.44675
2.82 2.9357 2.34472
2.82 2.4537 2.41753
2.8 2.4495 3.58448
2.82 2.419 2.32972
2.5 2.6159 2.34553
3.12 2.3865 2.38937
2.82 2.7359 2.33131
2.5 2.3209 2.83474
2.5 2.3012 2.82025
2.5 2.3998 2.35835
2.82 2.3672 2.90829
2.82 2.8787 2.35068
3.12 2.2912 2.60574
2.5 2.6566 2.57252
2.5 2.3547 2.86982
2.82 2.3422 2.34404
2.5 2.6299 2.28317
2.5 2.6126 2.72068
2.5 2.3465 2.82618
3.44 2.7449 2.50308
2.8 2.4238 2.85267
2.82 2.8531 2.36902
2.82 2.3758 2.33626
2.5 2.7986 2.29746
2.5 2.8632 2.36376
2.5 2.3603 2.83704
3.12 2.4609 3.6028
2.82 2.4373 2.94841
2.8 2.3404 2.35188
2.82 2.8565 2.34827
2.5 2.3617 2.88479
2.5 2.4534 2.35809
2.8 2.54 2.33729
2.82 3.7542 3.35657
2.8 2.6536 2.3071
2.5 2.9052 2.33829
2.5 2.3532 2.57251
2.82 2.7493 2.39807
2.5 2.3781 2.67797
2.5 2.8519 2.93615
2.5 2.8705 2.39126
3.12 2.8656 2.31581
2.82 2.9263 3.8273
2.8 2.718 2.33319
2.5 2.2832 2.75293
2.5 2.3721 2.64967
2.5 2.8714 2.37165
2.5 3.5563 2.4344
3.12 2.3454 2.35131
2.5 2.6626 2.52197
2.5 2.9994 2.39526
2.5 2.3432 2.90705
2.82 2.3524 2.35396
2.82 2.6183 2.56338
2.8 2.3906 2.68407
3.14 2.4323 2.80854
2.8 2.3498 2.34046
2.5 2.6445 2.3547
2.5 2.3549 2.86973
2.8 2.3478 2.36743
2.82 2.3805 2.59368
2.5 2.7783 2.29165
3.12 2.3698 2.3524
2.5 2.8858 2.36122
2.8 2.3473 2.90326
2.82 2.3632 2.33453
2.5 2.8581 2.33676
2.5 2.3741 2.3536
2.5 2.3769 2.32001
2.8 4.7424 4.50362
2.5 2.3567 2.74665
2.5 2.4045 2.99208
2.5 2.4922 2.39254
2.82 2.8674 2.31353
2.8 4.0106 2.95174
2.82 2.8528 2.41082
2.82 4.3526 3.2494
2.82 2.6447 2.56806
2.82 2.8561 2.35894
2.8 2.8988 2.33908
2.5 2.3411 2.70974
2.5 2.4339 3.63697
2.8 2.3955 2.3787
2.82 3.8109 3.55171
3.12 2.9068 2.38248
2.82 2.704 2.69553
2.5 2.3713 2.83203
2.5 2.5248 2.55869
2.5 2.3318 2.33327
2.82 2.3438 2.87519
2.8 2.3586 2.90254
3.14 2.8894 2.35523
2.5 4.2246 4.02526
2.5 2.8732 2.36049
2.82 2.416 2.97929
2.5 3.2732 3.35475
2.82 2.8806 2.32526
2.5 2.4044 2.65944
3.14 2.9225 2.37703
2.8 2.3509 2.33219
2.5 2.3515 2.3174
2.5 2.5079 2.85659
2.82 2.336 2.38598
2.8 2.6558 2.34842
2.82 2.4897 2.43087
3.12 2.2963 2.6373
2.5 2.4924 2.36466
2.8 2.9268 2.36849
2.82 2.3696 2.87056
2.5 2.3889 2.34062
2.5 2.4277 2.3951
2.5 2.6328 2.57746
3.12 2.7328 2.67084
2.5 2.3758 2.66638
2.5 2.3271 2.28584
2.5 2.9313 2.32717
2.5 2.3444 2.66403
2.82 2.3736 2.84693
2.8 2.4039 2.35192
3.12 2.6551 2.82083
2.5 2.8678 2.34451
2.82 2.8373 2.36888
2.8 2.3468 2.66883
2.5 2.9039 2.3951
2.5 2.8412 2.34536
2.5 2.7391 2.34536
3.12 4.2583 3.34308
2.5 2.2992 2.34457
2.5 2.8491 2.34917
2.5 2.4055 2.36716
2.5 2.5963 2.33753
2.82 2.8561 2.35419
2.82 2.4012 2.34537
3.12 3.2726 2.74215
2.8 2.4081 2.618
2.82 2.4324 2.91105
2.82 2.5837 2.39865
2.5 2.3895 2.82986
2.5 2.3936 2.39397
2.82 2.3301 2.85682
2.82 3.7029 3.53181
3.12 2.6764 2.33833
2.5 3.8927 4.35773
2.82 2.4027 2.87419
2.5 2.6309 2.55354
2.5 2.383 2.80408
2.5 2.9967 2.36954
2.5 2.9187 4.36173
3.12 2.4022 2.84479
2.8 4.598 2.4987
2.82 3.4804 4.12909
2.8 2.359 2.37752
2.5 2.5244 2.39618
2.82 3.0659 2.36264
2.5 2.3532 2.87289
3.12 2.4545 2.33643
2.82 2.8577 2.34001
2.82 2.6942 2.35561
2.5 2.7163 2.50605
2.5 3.4451 2.7466
2.82 4.2933 4.16356
3.12 3.8454 3.99299
3.76 4.6181 3.96906
3.42 3.7635 3.36045
3.76 2.9368 4.29813
3.74 4.5268 4.54762
3.44 2.4124 2.9077
3.44 3.15 2.51654
2.5 2.6738 2.35015
2.82 2.3765 2.40098
2.5 2.6797 2.56608
2.8 3.9314 3.04331
2.82 2.7443 3.24422
3.12 2.3494 2.67952
3.12 2.3145 2.95166
2.5 2.5371 2.79585
2.5 2.564 2.33425
2.8 2.6528 2.6918
3.14 4.5473 3.18589
2.8 2.3503 2.62228
3.12 2.9361 2.65632
3.44 3.3461 2.87583
3.14 3.5172 4.65653
3.12 2.9692 3.18372
4.08 4.2619 4.41869
3.74 3.7173 2.36337
3.12 3.8477 2.93886
2.82 2.4483 2.8528
2.5 2.9691 2.35894
2.8 2.3561 2.46942
2.82 2.5287 2.37699
2.8 2.4812 2.919
3.14 2.3809 2.34815
2.8 2.5763 3.88076
2.82 2.8734 2.29663
2.8 2.356 2.60139
2.82 2.8416 2.33253
2.8 2.9932 2.36292
2.82 2.8912 2.38109
2.82 2.406 2.3447
3.12 2.3574 4.3383
2.5 2.5134 2.34511
2.5 2.6461 2.59174
2.82 2.6775 2.33103
2.8 2.3 2.89114
2.5 3.3212 2.36659
2.5 2.2928 2.91071
3.12 4.2031 4.67174
2.82 2.3651 2.61708
2.5 2.669 2.50503
2.82 2.3143 2.76945
2.5 2.4051 2.85278
2.82 2.8818 2.3585
2.82 2.3525 2.3545
3.44 4.1376 4.76265
2.5 2.3571 2.828
2.5 2.3678 2.83925
2.8 2.4152 2.64121
2.82 2.353 2.32866
2.82 2.5088 2.43493
2.5 2.7642 2.35859
3.44 3.5378 2.66578
2.5 2.8988 2.64769
2.5 2.3346 2.58414
2.8 2.6081 2.50947
2.82 2.3628 2.65499
2.82 2.321 2.43427
2.8 2.3773 2.78257
3.14 4.0273 4.07122
3.12 2.9036 2.37926
2.82 2.4225 2.97904
2.82 2.4027 2.76822
2.8 2.5792 3.31225
2.82 2.6794 2.38831
2.5 2.996 2.60574
3.42 2.3995 2.70137
2.5 2.4008 2.53094
2.5 2.4447 2.40645
2.5 2.3838 2.81376
2.82 2.8463 2.33351
2.5 2.8898 2.34744
2.8 2.6316 2.3931
3.44 2.8676 2.3483
2.82 2.3433 2.81881
2.5 2.8203 2.31225
2.5 2.3616 2.69229
2.5 2.7794 2.34523
2.82 2.6415 2.37824
2.5 2.3395 2.70745
3.12 2.6538 2.34617
2.5 3.9936 3.89753
2.8 2.3913 2.92235
2.82 2.708 2.89223
2.82 2.539 3.1
2.8 2.8654 2.90855
2.82 2.4791 2.39661
3.44 2.3876 2.33697
4.06 4.4802 4.50464
3.12 2.3919 2.37504
2.82 3.3807 3.67626
3.44 2.9678 2.49712
2.8 3.6708 4.40363
3.44 2.9603 4.73591
2.82 4.4098 3.36857
3.12 2.4029 2.54327
3.14 2.6969 2.64037
3.42 4.2955 4.93728
3.44 3.8203 3.98719
3.44 2.3559 2.77244
2.8 2.6787 2.50634
2.82 2.4276 2.34131
2.5 2.6116 2.35728
2.8 2.3387 3.28878
2.5 2.3604 2.30645
2.82 4.2848 3.33596
3.42 4.2547 3.68984
2.82 2.3798 2.88372
2.82 2.5024 2.91797
2.5 2.2863 2.28936
2.5 2.4806 2.96358
2.82 2.4404 2.44609
3.44 2.7168 2.43129
3.12 3.9184 3.31073
2.82 2.3512 2.3382
2.8 2.3634 2.66155
2.5 2.9033 2.38621
2.8 2.8673 2.4057
2.5 2.4857 2.64715
3.44 2.4085 2.64416
2.82 2.8522 2.33488
2.5 2.3775 2.83037
2.5 2.8574 2.46578
2.5 2.9219 2.33765
2.5 2.699 2.34355
3.14 2.8226 2.33672
3.12 2.3888 2.87563
2.5 2.3027 2.27919
2.5 2.9684 2.64969
2.82 2.7932 2.88249
2.82 2.4065 2.84319
2.82 2.3433 2.87356
2.5 2.3594 2.37613
3.14 2.3511 2.5846
2.8 2.7402 2.38915
2.5 2.3995 2.64406
2.8 2.8348 2.37854
3.14 3.7496 3.10963
2.8 2.6083 2.31897
2.5 3.0138 2.34549
3.12 2.5943 2.31958
2.82 2.3868 2.84446
2.8 2.6509 2.55439
2.82 2.3172 2.32988
2.5 3.692 3.43755
2.82 2.3513 2.97686
2.82 3.3779 3.48531
3.12 2.8726 2.35309
2.82 2.9719 2.56514
2.82 2.9284 2.33541
2.8 2.7086 2.89025
2.82 2.5789 2.32754
2.8 3.0145 2.87236
2.82 3.8629 3.92951
3.74 3.0309 2.52945
3.14 2.6243 2.44378
2.8 4.9006 4.04263
2.8 2.375 2.93915
2.82 2.6393 2.35128
2.5 2.6362 2.47323
3.12 2.418 2.38281
2.5 2.869 2.34083
2.8 2.8793 2.43287
2.82 2.8564 2.34796
2.8 2.6798 2.348
3.14 2.3344 2.37945
2.5 2.3592 2.32321
3.12 2.4805 2.60383
2.8 2.3786 2.83381
2.82 2.429 2.33876
3.12 3.611 4.14015
2.82 2.8755 2.39898
2.82 3.4657 3.59437
2.8 2.7441 2.7101
3.12 2.6455 2.49985
2.82 2.4055 2.87297
2.8 2.6425 2.41696
2.82 2.801 2.28434
2.8 2.3859 2.78058
2.82 2.8648 2.53135
2.8 4.609 4.19295
3.44 2.4249 2.94309
2.82 2.989 3.70023
3.12 2.5002 2.9233
2.8 2.4224 3.23699
2.82 3.09 4.13436
2.8 2.3641 2.71573
3.44 2.4101 2.93998
2.82 3.1379 3.81443
2.8 2.3879 2.71529
2.82 2.3287 2.81279
2.8 2.3537 2.92777
2.82 2.3495 2.8332
2.82 2.8319 3.82773
3.12 2.8869 2.35087
2.5 2.3999 2.8677
2.82 2.3445 2.93739
3.12 3.736 3.25441
3.12 2.462 2.34102
2.5 2.492 2.3408
2.5 2.7743 2.52805
3.44 2.3697 2.85586
2.82 2.6984 2.55843
2.5 2.3761 2.31756
2.5 2.4032 2.65362
2.8 3.4208 3.0139
2.82 2.8413 2.36479
3.12 3.4899 4.19682
3.12 2.3624 2.85426
2.5 2.9487 2.32549
2.8 2.4706 2.8395
3.14 3.8051 2.4075
3.12 2.4254 2.92938
2.82 2.8959 2.38506
3.74 3.0997 4.30954
4.06 2.4077 2.4673
2.82 3.1829 2.69446
2.5 2.6903 2.54072
3.44 2.9273 2.86909
2.82 2.6144 2.37074
3.44 2.5214 2.95891
3.12 2.8052 2.33953
2.82 2.4214 2.88081
2.5 2.3141 2.28735
2.5 2.358 2.33696
2.82 2.3617 2.84183
2.5 2.3877 2.37478
3.14 2.3536 2.82229
2.8 2.8464 2.33899
2.5 2.3793 2.67227
2.5 2.7966 2.28761
2.82 2.9242 2.35131
2.8 2.4333 2.40862
2.82 2.7035 2.86839
3.44 2.8901 2.34744
3.12 2.4725 2.38428
2.82 2.378 2.62974
2.5 2.7496 3.0684
2.82 2.2894 2.3426
2.8 2.4591 2.68567
2.82 2.8427 2.33727
3.12 2.3658 2.99993
2.5 2.8641 2.33103
2.82 2.3713 2.80703
2.8 3.0583 2.37027
2.5 2.7989 2.31351
2.5 2.9247 2.40409
2.5 2.3886 2.86374
3.44 2.3422 2.65578
2.82 2.9338 2.36062
2.82 2.3787 2.31438
2.5 2.8598 2.58601
2.5 2.8213 2.28527
2.5 2.4065 2.73601
2.82 2.7273 2.33282
3.44 2.4499 2.89274
2.5 2.3553 2.86581
2.5 2.5397 2.33917
2.8 2.3481 2.66111
2.82 2.6795 2.32843
2.5 2.693 2.58422
2.82 2.4015 2.35303
3.12 2.3801 2.67218
2.82 2.3643 2.34523
2.5 2.9814 2.4272
2.5 2.3656 2.74519
2.5 2.3586 2.31895
2.8 2.4182 2.45221
2.82 2.8801 2.29816
3.44 2.5447 2.36597
2.82 2.8794 2.27532
2.5 2.3872 3.02979
2.5 2.5202 2.28587
2.82 2.8568 2.35311
2.8 2.8817 2.3972
2.5 2.2834 2.73705
3.12 2.4385 2.71099
2.82 3.0091 2.41076
2.5 2.3435 2.653
2.8 2.366 2.35317
2.82 2.3399 2.3117
2.8 2.3848 2.92599
2.82 2.3867 2.70124
3.44 2.3739 4.11499
2.82 2.6541 2.37857
2.5 3.0688 2.41721
2.82 4.3909 4.2329
3.44 2.3586 2.60702
2.82 2.5044 2.31956
2.82 3.9819 4.31941
3.42 2.6291 2.32239
2.82 2.3706 2.63011
2.82 2.2996 2.34078
2.5 2.4261 2.69094
2.5 2.4326 2.65071
2.5 2.6114 2.34287
2.82 2.3827 2.6262
3.12 2.5628 2.28929
2.82 2.5878 2.68343
2.5 2.3065 2.68534
2.5 2.4902 3.8286
2.5 2.6611 2.46344
2.5 2.601 2.30393
2.5 2.7974 2.4119
3.12 2.3452 2.34328
2.82 2.4772 3.29722
2.5 2.3975 2.74385
2.5 2.3709 2.62235
2.82 2.7013 2.39541
2.5 2.4159 2.36134
2.5 2.6218 2.4016
2.8 2.3829 2.39622
2.5 2.4219 2.63472
2.82 2.3229 2.32617
2.5 2.3676 2.36225
2.5 2.3557 2.62396
2.5 2.3281 2.83124
2.5 2.3486 2.35247
2.5 2.8996 4.14693
2.82 2.6383 2.39638
2.82 2.3321 2.70144
2.5 2.3546 2.60136
2.5 2.3815 2.60722
2.5 2.3398 2.36649
2.5 2.3812 2.36458
2.5 2.4234 2.65248
3.42 2.4168 2.59814
2.5 2.3701 2.71554
2.5 2.3723 2.38427
2.5 2.3961 2.71036
2.5 2.3688 2.34568
2.5 2.3207 2.90966
2.82 2.6868 2.38991
3.12 2.3563 2.63579
2.5 2.6444 2.32674
2.5 2.3411 2.62968
2.5 2.3315 2.33634
2.5 2.6295 2.34236
2.82 3.2015 2.40884
2.5 2.5884 2.35035
2.82 4.4828 4.17662
2.82 2.6153 2.33007
2.82 2.396 2.36132
2.5 2.3035 2.2884
2.5 2.3648 2.92382
2.5 2.3281 2.59623
2.5 2.6124 2.37335
2.5 2.6884 2.35181
2.82 2.3495 2.35039
2.5 2.5723 2.70541
2.5 2.4106 2.40379
2.5 2.4167 2.32592
2.5 2.5182 2.27222
2.5 2.3189 2.64108
2.82 2.4384 2.66632
3.12 2.6378 2.37703
2.5 2.6054 2.39361
2.5 2.2896 2.54288
2.5 2.3204 2.63646
2.5 2.6236 2.32567
2.5 2.3789 2.60563
2.5 2.6453 2.4112
2.82 3.8295 3.43348
2.8 2.5974 2.32323
2.82 2.9327 2.66838
2.5 2.5976 2.33381
2.5 3.5039 3.33143
2.5 2.3639 2.72376
2.5 2.7246 3.64156
2.82 2.3646 2.32711
3.12 2.8532 2.37532
2.5 2.6201 2.32677
2.5 2.3416 2.35408
2.5 2.5049 2.32781
2.5 2.7588 2.35834
2.5 2.3685 2.61335
2.5 2.3356 2.59963
3.14 2.3423 2.49571
2.8 2.3681 2.3367
2.5 2.4554 2.66198
2.82 2.5998 2.69577
3.44 2.4034 2.76491
2.82 2.7439 2.41882
3.44 4.9191 4.07383
3.12 2.4382 2.59531
2.82 2.636 2.72126
2.8 2.4939 2.72563
3.44 4.0676 4.26998
3.44 4.4103 4.1745
3.12 3.1427 3.35927
3.14 2.3426 2.55126
2.5 2.3693 2.71955
2.82 2.4924 2.40417
2.5 2.3584 2.33522
2.8 2.3863 2.61128
2.5 2.3779 2.35754
2.82 2.8565 2.47485
3.44 2.4479 3.1882
2.82 2.6556 2.90555
2.82 2.5585 3.19271
2.82 4.7082 2.53943
2.5 2.6195 2.32914
2.5 2.3466 2.29806
2.5 3.6049 3.83625
2.8 2.6331 2.34356
2.5 2.7953 2.41258
2.5 2.3318 2.40034
2.5 2.3426 2.63407
2.82 2.4059 2.65525
2.5 2.2988 2.62447
2.5 2.6165 2.36374
3.12 2.3451 2.40211
2.5 2.3478 2.60872
2.5 2.6273 2.36701
2.5 2.3607 2.29372
2.82 2.355 2.60426
2.5 2.7147 2.36036
2.5 2.6191 2.32703
3.14 2.3898 2.42608
2.8 2.6028 2.61622
2.82 2.3549 2.59504
2.5 2.6445 2.33174
2.82 2.6437 2.33587
2.5 2.4003 2.66582
2.5 2.6437 2.32618
2.82 4.0968 2.44948
2.82 2.8994 2.35554
2.5 2.3401 2.56198
2.5 2.6182 2.39678
2.5 2.6131 2.3479
2.5 2.34 2.33152
2.5 2.3645 2.30996
2.5 2.3618 2.33883
3.12 2.6558 2.34172
2.5 2.6552 2.37323
2.5 2.3195 2.60193
2.5 2.3623 2.32965
2.5 2.4231 2.82782
2.5 2.4288 2.87906
2.5 2.328 2.63682
3.12 2.609 2.38595
2.5 2.356 2.32457
2.5 2.3341 2.59928
2.5 2.3617 2.77717
2.82 2.3515 2.38046
2.5 2.4145 2.42786
2.5 2.3663 2.37168
3.14 2.3867 2.33951
2.5 2.3715 2.34918
2.82 3.9117 3.5694
2.82 2.4454 2.32765
2.8 2.6874 2.28991
2.82 2.4297 2.81823
2.5 2.3976 2.60616
2.8 4.3881 4.32738
2.82 2.6342 2.32865
2.5 2.5949 2.42133
2.82 2.6269 4.02092
2.5 2.626 2.2953
2.82 2.7672 2.62708
2.8 2.5835 2.35416
2.5 3.8355 3.87161
2.8 2.6555 2.34635
2.5 2.6293 2.33846
2.5 2.3432 2.76365
2.5 2.6264 2.33609
2.8 2.3984 2.61509
2.5 2.3717 2.60122
2.82 2.6281 2.57442
3.12 2.2863 2.94955
2.5 2.4259 2.66692
2.5 2.3792 2.65412
2.8 2.3627 2.34851
2.5 2.6799 2.39004
2.5 2.4103 2.89803
2.5 2.3702 2.68588
2.8 4.5964 4.48368
2.5 2.3332 2.57314
2.82 2.5499 2.32237
2.5 2.8518 2.35976
2.5 2.6548 2.29361
2.5 2.9263 2.35562
2.5 2.3449 2.94255
3.14 4.1248 4.249
3.12 2.3846 2.88439
2.5 2.3441 2.29135
2.8 2.3804 2.68177
2.5 2.5432 2.37556
2.8 2.3585 2.86504
2.5 2.4469 2.8937
2.82 4.0743 2.48608
3.12 2.3794 2.89781
2.5 2.3477 2.36142
2.5 2.3614 2.82012
2.5 2.3209 2.89794
2.5 2.392 2.37768
2.8 2.3434 2.32486
2.82 3.5467 4.05783
2.8 2.624 2.32297
2.5 2.7491 2.90335
2.5 2.3516 2.61362
2.82 2.4861 2.35271
2.5 4.6801 2.40032
2.5 2.7215 2.39678
2.5 2.6654 2.33294
3.12 2.6341 2.33414
2.5 2.6967 2.37861
2.5 2.398 2.69922
2.8 2.4874 2.62965
2.5 2.32 2.71454
2.5 2.5703 2.66351
2.5 2.3309 2.5921
3.12 2.6268 2.35049
2.5 2.628 2.41811
2.5 2.6524 2.32646
2.5 2.6331 2.33704
2.82 2.3088 2.54939
2.5 2.3676 2.60715
2.8 2.3483 2.60025
2.82 2.6848 2.3333
2.82 2.6129 2.44635
2.5 2.6807 2.3244
2.5 2.6079 2.32036
2.5 2.3852 2.60892
2.5 2.3629 2.60898
2.5 2.6743 2.3394
2.5 2.6344 2.31011
3.14 2.6243 2.35033
2.5 2.5775 2.38385
2.5 2.6272 2.47534
2.5 2.4152 2.33814
2.5 2.3354 2.32821
2.5 2.6834 2.51812
2.5 2.5887 2.27915
3.12 2.6328 2.37018
2.5 2.6537 2.39563
2.82 2.6944 2.3558
2.5 2.356 2.32718
2.82 2.6379 2.37994
2.8 2.3586 2.31557
2.5 2.366 2.8674
3.14 4.4455 3.23783
2.8 2.418 2.67682
2.5 2.3405 2.58968
2.5 2.6465 2.35146
2.8 2.4678 2.94301
2.82 2.6269 2.323
2.5 2.33 2.58141
2.5 3.7411 3.48027
3.12 2.651 2.45094
2.5 2.6202 2.33382
2.82 2.6196 2.3698
2.5 2.3494 2.31959
2.8 2.6007 2.37152
2.82 2.4258 2.7805
2.5 2.5149 2.60832
3.44 2.3817 2.33629
2.5 2.6252 2.34185
2.5 2.7467 2.40755
2.5 2.6663 2.33843
2.5 2.3444 3.44478
2.5 2.7118 2.38945
2.82 2.6131 2.3438
2.8 2.3632 2.65366
2.5 2.6266 2.33157
2.5 3.5767 2.56973
2.5 4.0811 4.31882
2.82 2.3678 2.64314
2.5 2.3506 2.55416
2.5 2.3475 2.32719
2.8 3.9261 3.27419
3.14 2.6475 2.32126
2.5 2.7279 2.34301
2.5 2.6132 2.32939
2.5 2.5512 2.27252
2.5 2.3521 2.35479
2.5 2.6128 2.66287
2.5 2.2989 2.63283
3.12 2.6348 2.34636
2.5 2.6405 2.36936
2.5 2.6373 2.33946
2.82 2.6185 2.47753
2.5 2.3431 2.61414
2.5 2.3483 3.69383
2.82 2.3998 2.34458
3.12 2.3481 2.61338
2.5 2.3392 2.55756
2.5 2.3498 2.5939
2.5 2.3424 2.32316
2.8 3.1083 4.2866
2.82 2.459 2.40064
2.5 2.3261 2.63606
2.5 4.5611 4.51761
2.82 2.3598 2.33191
2.5 2.5265 2.31274
2.5 2.3745 2.76683
2.82 2.6964 2.32676
2.82 2.3862 2.35142
2.5 3.3943 2.34239
2.5 2.6562 2.43137
2.82 2.6457 2.54418
2.82 2.3337 2.5912
2.5 2.4612 2.60767
2.5 2.3237 2.75342
2.5 2.6176 2.37104
2.5 2.3443 2.33419
2.5 2.6562 2.32769
3.44 4.2381 4.17546
3.74 3.6227 4.10435
3.14 2.9281 2.41607
2.8 2.7051 2.41911
2.82 2.8012 2.46944
2.8 2.4139 2.7849
3.12 2.5697 2.38276
2.82 3.9139 4.1983
3.44 2.7004 2.40323
3.12 2.3854 2.71728
2.82 2.8211 2.37221
2.82 2.6167 2.93274
2.8 2.3446 2.59299
3.14 2.5878 2.33442
2.5 2.6328 2.34598
2.5 2.6229 2.30169
3.12 2.4674 2.70256
2.82 2.7667 4.0095
2.82 2.3524 2.65591
2.5 2.8468 2.35472
3.12 3.1035 2.36871
2.5 2.5238 2.43936
2.8 2.6488 2.4843
2.5 2.6895 2.37505
2.5 2.3328 2.56574
2.5 2.8001 2.73147
2.8 2.3211 2.62004
3.14 2.339 2.34122
2.8 2.3771 2.64
2.5 2.3357 2.57444
2.82 2.4168 2.41148
2.5 2.3571 2.65667
2.5 2.6288 2.3247
2.5 2.6424 2.35978
3.12 2.3499 2.3272
2.82 2.6747 2.32348
2.5 2.3665 2.33475
2.5 2.6268 2.34748
2.5 2.2831 2.29254
3.12 2.3607 2.62318
2.5 2.3151 2.30855
2.82 3.7455 4.31467
2.8 2.3437 2.73365
2.5 2.3836 2.67679
2.5 2.3356 2.5786
2.82 2.6564 2.37
2.8 2.3585 2.32033
2.5 2.6655 2.37177
2.5 3.5661 3.51329
2.82 2.3672 2.65789
2.5 2.2925 2.26924
2.5 2.3599 2.58838
2.8 2.6465 2.3802
2.5 2.6325 2.35117
2.5 2.3868 2.64635
2.82 2.3291 2.38154
3.12 2.3732 2.34364
2.5 2.6804 2.33107
2.5 2.6513 2.33467
2.5 2.3124 2.31521
2.5 2.813 2.33048
2.82 2.4202 2.49591
2.8 2.3027 2.40531
3.14 2.3649 2.3239
2.5 2.3402 2.41729
2.5 2.3386 2.31542
2.5 2.3325 2.3314
2.82 2.3739 2.6588
2.5 2.3523 2.62597
2.5 2.4987 3.965
2.82 3.3664 3.90849
2.8 2.3591 2.63681
2.82 2.3634 2.62419
2.5 2.2928 2.28081
2.5 2.3084 2.69519
2.5 2.405 2.60332
2.5 2.5828 2.32436
2.5 2.6243 2.33691
2.8 2.349 2.60101
2.5 2.3797 2.60329
2.5 2.681 2.35453
2.5 2.629 2.37665
2.5 2.6389 2.3363
2.5 3.8256 2.73496
2.5 2.3596 2.62369
3.44 2.3747 2.71679
2.5 2.3519 2.31156
2.5 2.386 2.32052
2.5 2.4222 2.41454
2.5 2.314 2.73095
2.5 2.2932 2.66358
2.82 2.5963 3.00421
3.12 2.3655 2.60958
2.5 2.3738 2.32271
2.5 2.4142 2.55124
2.8 2.4317 2.69288
2.5 2.6374 2.3774
2.5 2.4135 2.36577
2.8 2.5939 2.35028
2.82 3.5821 3.9333
3.12 2.6309 2.32179
2.5 3.2374 2.39904
2.5 2.3451 2.32786
2.5 2.3313 3.33461
2.5 2.3917 2.33826
2.82 2.3605 3.1993
2.8 3.4979 3.60893
2.82 2.5959 2.40817
2.5 2.3596 2.32398
2.82 2.5003 2.9807
2.82 2.4005 3.0929
2.82 2.4295 3.31555
2.8 2.3211 2.27554
3.12 2.46 4.07877
2.82 2.772 2.30112
2.5 2.671 2.59766
2.8 2.8647 2.34345
3.12 2.8234 2.54867
2.5 2.4276 2.63584
2.5 2.3684 2.61264
3.12 4.7032 4.64446
2.82 2.6834 2.29302
2.8 2.634 2.34356
2.5 2.6214 2.31808
2.82 2.4279 2.32915
2.5 2.3789 2.35239
2.8 2.4069 2.65659
2.82 3.5622 3.93032
3.12 2.6396 2.34116
2.82 2.4037 2.38326
2.5 2.6968 2.46513
2.8 2.3571 2.3407
2.5 2.6565 2.35515
2.5 2.4118 2.37998
3.12 3.8973 3.84044
3.12 2.3678 2.60077
2.5 2.683 2.32501
2.82 2.999 2.34023
2.5 2.4176 2.58377
2.5 2.3963 2.61734
2.5 2.3296 2.67674
2.5 2.3334 3.2874
3.14 2.3474 2.65679
2.5 2.6387 2.36367
2.5 2.6101 2.40204
2.82 2.6053 2.39441
2.5 2.8381 2.33919
2.8 3.2188 2.34952
2.82 2.4017 2.3452
2.8 2.3835 2.70727
2.5 2.6298 2.3013
2.82 2.6923 2.35504
2.5 2.3804 2.34696
2.5 2.3482 2.32414
2.5 2.6421 2.46131
2.5 2.3674 2.62491
3.44 2.4353 2.36333
2.5 2.386 2.32188
2.5 2.3638 2.3625
2.5 2.5353 2.37294
2.5 2.3576 2.58573
2.5 2.3449 2.63329
2.5 2.672 2.39972
2.8 3.6418 3.27069
2.5 2.3266 2.79719
2.5 2.3128 2.61145
2.5 2.348 2.70721
2.5 2.3727 2.6946
2.5 2.3788 2.6099
2.5 2.4255 2.61538
2.5 2.3128 2.29461
3.14 2.3587 2.59398
2.5 2.3064 2.61374
2.5 2.3623 2.61847
2.5 2.2815 2.56335
2.5 2.2796 2.61621
2.5 2.3544 2.34033
2.5 2.6318 4.04409
3.42 2.3802 2.34602
2.5 2.3592 2.37838
2.5 2.3667 2.32219
2.5 2.4326 2.26231
2.82 2.3784 2.42827
2.5 2.3574 2.3437
2.8 2.3532 2.77421
2.82 4.5129 3.88877
2.5 2.7116 2.62403
2.5 2.3395 2.60067
2.5 2.6735 2.41332
2.5 2.6824 2.33947
2.5 2.5066 2.64074
2.5 2.3422 2.70847
2.82 2.8012 2.39663
3.12 2.359 2.41304
2.5 2.3256 2.31339
2.5 2.3574 2.32635
2.5 2.2857 2.32648
2.5 2.3751 2.41277
2.5 2.628 2.35661
2.8 2.4286 2.68502
3.12 2.6688 2.36381
2.5 2.4012 2.62357
2.5 2.7193 2.33148
2.5 2.6546 2.5014
2.5 2.395 2.66173
2.5 2.3438 2.34097
2.8 2.3815 2.54867
2.5 3.6532 4.00812
3.12 2.3622 2.6055
2.5 2.4932 2.58548
2.5 2.3199 2.32601
2.5 2.3653 2.32368
2.5 2.5798 3.54469
2.5 2.3387 2.58357
2.82 2.3778 2.38218
3.12 2.3978 2.33832
2.82 2.4896 2.5979
2.5 2.3343 2.54952
2.5 2.6959 2.48749
2.8 2.7387 2.3518
2.82 2.4172 2.68001
3.12 2.4306 2.44222
3.12 2.6494 2.35403
2.5 2.3409 2.38575
2.5 2.6276 2.28241
2.82 2.3945 2.32325
2.5 2.5065 2.6312
3.12 4.3433 3.98093
3.12 2.4239 3.31595
3.44 2.4098 2.68809
2.82 3.4541 3.32236
3.12 2.5116 2.71117
2.82 2.701 2.40283
3.12 2.4373 2.79793
3.74 3.4504 3.88506
3.44 3.6435 3.27807
2.82 2.4034 2.44514
2.5 2.3412 2.62941
2.5 2.6325 2.34216
2.5 2.6433 2.34525
2.5 2.3432 2.60525
2.8 2.5958 2.27064
3.14 3.1178 3.82287
2.8 2.4736 2.48615
3.12 4.7109 4.70956
2.8 2.3503 2.59383
2.5 2.3561 2.61609
2.82 2.5831 2.30629
2.82 2.6436 2.35538
3.12 2.85 2.30265
2.5 2.3691 2.39116
2.5 2.3619 2.32244
2.5 2.3369 2.34292
2.5 2.3773 2.51039
2.5 2.7506 2.34068
2.5 2.3694 2.6186
3.12 2.6408 2.48798
2.5 2.3084 2.2763
2.8 2.3467 2.62134
2.5 2.372 2.61983
2.5 2.3311 2.64074
2.5 2.5452 3.35298
2.82 2.3463 2.60598
2.8 4.6457 4.46888
3.12 2.5106 2.45314
2.5 2.6093 2.3348
2.5 2.6141 2.50871
2.5 2.6519 2.34627
2.5 2.621 2.36376
2.5 2.6748 2.3255
2.5 2.6272 2.365
3.14 2.3725 2.34881
2.5 2.3406 2.59747
2.5 2.3612 2.58893
2.5 2.3328 2.29489
2.82 2.3358 2.62594
2.5 2.4387 2.39177
2.5 2.3354 2.32957
3.14 2.3437 2.29088
2.8 2.6864 2.37815
2.5 2.6141 2.27895
2.5 2.338 2.33588
2.5 2.5973 2.65896
2.5 2.3444 2.60811
2.8 2.6811 2.32373
2.8 4.3321 4.4118
2.82 2.4071 2.63019
2.5 2.4249 2.60749
2.5 2.3352 2.66888
2.5 2.3727 2.60033
2.5 2.3376 2.63527
2.5 2.4656 2.6089
2.5 2.3242 2.60005
3.42 2.376 2.61753
2.5 2.3247 2.61635
2.5 2.3347 2.59721
2.5 2.3715 2.86215
2.5 2.347 2.59533
2.5 2.654 2.31756
2.5 2.6164 2.33569
3.14 2.6034 2.33004
2.5 2.729 2.32763
2.5 2.6181 2.33414
2.5 2.607 2.28508
2.5 2.3862 2.33931
2.5 2.5793 2.31075
2.5 2.2824 2.6091
2.82 3.3489 2.44118
2.8 2.3962 2.35373
2.5 2.3433 2.37364
2.5 2.3631 2.33706
2.5 2.3749 2.337
2.5 2.328 2.60125
2.5 2.3749 2.59921
2.5 2.3694 2.38676
3.12 2.3772 2.60504
2.5 2.6029 2.28334
2.5 2.433 2.54306
2.5 2.4203 2.61065
2.5 2.3571 2.60586
2.5 2.4735 2.66902
2.5 2.3366 2.31554
3.12 3.0302 2.36457
2.82 2.4474 2.63932
2.5 2.7038 2.39446
2.82 2.6163 2.34209
2.5 2.6457 2.34589
2.82 2.6496 2.38269
2.5 2.3615 2.27247
3.12 4.3669 4.42184
2.82 2.3563 3.71608
2.5 2.3378 2.59792
2.5 2.3567 2.63114
2.5 3.4833 3.33406
2.5 2.6044 2.33269
2.5 2.3503 2.32255
2.5 2.3326 2.34296
2.82 2.3462 2.27455
2.8 2.3569 2.61007
2.5 2.3048 2.53724
2.82 2.4121 2.64634
2.5 2.3579 2.64598
2.82 2.6127 2.3418
2.5 2.64 2.31882
3.12 2.3577 2.367
2.8 2.3667 2.34158
2.5 2.3274 2.343
2.5 2.3478 2.31496
2.5 2.3499 2.32194
2.5 2.4363 2.41214
2.5 2.6174 2.28464
2.82 2.688 2.36371
2.82 2.4478 2.4197
2.5 2.605 2.32669
2.5 2.3874 2.69341
2.82 2.4247 2.39062
2.8 2.4143 2.6655
2.5 2.3961 2.76505
2.5 4.1032 3.31824
3.12 2.3854 2.35582
2.82 2.3428 2.36499
2.5 2.3361 2.5896
2.5 2.3966 2.65512
2.5 2.3326 3.38109
2.5 3.7911 3.2925
2.5 2.5075 2.42327
2.8 2.3689 2.60273
2.5 2.3647 2.62218
2.5 2.5356 2.51951
2.5 2.3892 2.61605
2.5 2.295 2.62388
2.5 2.3702 2.59797
2.5 2.3469 2.64455
3.12 2.4088 2.69709
2.5 2.5543 2.29326
2.5 2.4304 2.66951
2.8 2.3409 2.59984
2.5 2.3661 2.55111
2.5 2.3519 2.66688
2.5 2.4166 2.4154
2.82 2.402 2.73427
2.82 2.7348 2.42142
2.82 2.6202 2.37732
2.5 2.6572 2.34228
2.5 2.5953 2.34397
2.5 2.638 2.43314
2.82 2.3448 2.32953
2.5 2.3576 2.33446
3.12 2.3561 2.3417
2.5 2.3834 2.37531
2.5 2.5343 2.32829
2.5 2.3546 2.33505
2.5 2.3381 2.38876
2.5 2.3873 2.3679
2.5 2.6222 2.41131
2.8 4.4108 4.16074
2.82 2.5941 2.33509
2.8 2.6193 2.38537
2.5 2.6353 2.35522
2.82 2.6365 2.3327
2.5 2.6636 2.3996
2.5 2.6132 2.3063
2.5 2.6023 2.32056
3.12 2.3115 2.59495
2.82 2.4478 2.64973
2.5 2.6128 2.32126
2.5 2.4152 2.73084
2.5 2.3516 2.63441
2.5 2.3314 2.5912
2.8 2.6191 2.34952
3.14 2.3427 2.62201
2.5 2.6236 2.32525
2.5 2.6114 2.32973
2.5 2.3553 2.6278
2.5 2.6795 2.36266
2.5 3.2767 2.35104
2.5 2.6307 2.32516
3.12 3.4952 2.37016
2.5 2.6331 2.38104
2.5 2.3555 2.6076
2.82 2.3834 2.33744
2.5 2.356 2.31788
2.8 2.3815 2.31468
2.5 2.4132 2.43337
2.82 3.395 2.70147
3.12 2.5357 2.33408
2.5 3.2702 4.09799
2.5 2.6398 2.33539
2.5 2.7851 2.34838
2.5 2.6203 2.38551
2.82 2.6797 2.35978
2.5 2.6298 2.37237
3.12 2.7117 2.38396
2.5 2.6064 2.35209
2.82 2.7138 2.36898
2.5 2.6243 2.38761
2.5 2.6237 2.26746
2.5 2.6741 2.3224
2.82 2.3695 2.34484
2.8 2.3648 3.01379
2.5 2.6241 2.35137
2.82 2.3468 2.69594
2.5 2.9178 2.35156
2.5 2.3978 2.75604
2.82 3.8977 2.92305
2.82 2.3848 2.63784
3.12 4.1105 3.4022
2.8 2.4137 2.65736
2.5 2.3746 2.6295
2.82 2.4347 2.5708
2.82 2.3522 2.60027
2.5 2.3281 2.28475
2.8 2.3588 2.7383
2.5 2.3379 2.66086
3.44 4.3629 4.14918
2.5 2.4417 2.45649
3.14 3.0594 4.27095
3.14 2.4295 2.69546
2.8 2.4363 2.6812
3.12 3.5624 2.46539
3.12 2.4812 2.72479
2.82 3.0398 2.61504
2.8 2.3462 2.42438
4.06 2.7321 2.4082
3.44 3.8649 4.31613
2.8 3.5536 2.64233
2.82 3.875 4.12671
2.8 2.3886 2.34397
2.5 2.6347 2.32256
2.5 2.433 2.68061
2.82 2.6396 2.31902
2.8 3.6879 2.56467
3.12 2.4398 2.69218
3.76 2.3626 2.62569
2.5 2.6781 2.34018
2.82 2.39 2.612
2.5 2.5833 2.30496
2.5 2.3419 2.32583
2.82 2.3288 2.61667
2.5 2.3464 2.60325
2.8 3.8351 3.6929
2.82 2.8168 2.3766
3.12 4.2706 2.9898
3.74 2.4318 3.97736
3.44 2.409 2.46861
2.82 2.3416 2.32042
2.5 2.3501 3.05548
3.12 2.3706 2.33586
2.5 2.3894 2.61822
2.5 2.6846 2.34038
2.82 2.613 2.32921
2.5 2.6026 2.31011
2.5 2.6253 2.32759
2.82 2.6712 2.41851
3.12 2.6406 2.48426
2.5 2.6175 2.44908
2.5 2.6407 2.334
2.5 2.8617 2.34162
2.82 2.7035 2.38591
2.5 2.3348 2.62015
2.5 2.5666 2.61474
2.8 2.4108 2.66745
2.82 2.4459 2.33235
2.5 2.3495 2.32025
2.5 3.248 3.43428
2.5 2.6374 2.35145
2.5 2.6941 2.33396
2.5 2.6239 2.3411
3.12 3.7649 4.21045
2.82 2.3647 2.33694
2.8 2.349 2.33835
2.5 2.6549 2.34515
2.5 2.3417 2.34631
2.5 2.6405 2.35321
2.82 2.6422 2.32843
2.5 2.3334 2.66125
3.12 2.3506 2.68133
2.82 2.3498 2.62649
2.82 2.7276 2.37872
2.5 2.6252 2.32102
2.5 2.4146 2.61098
2.5 2.6372 2.37284
2.5 2.6923 2.33448
3.12 2.342 2.55106
2.82 2.3597 2.32304
2.5 2.4135 2.34471
2.8 2.657 2.33134
2.5 2.3456 2.36138
2.5 2.3593 2.62907
2.5 2.6465 2.3795
3.12 2.3599 2.70097
2.82 2.6953 2.43446
2.5 2.726 2.30695
2.8 2.3917 2.6287
2.5 2.6437 2.34662
2.5 2.3243 2.2781
2.8 2.2892 2.574
2.82 4.477 4.37268
2.82 2.3324 2.59684
2.8 2.3366 2.61364
2.5 3.1623 4.72519
2.82 2.3554 2.65525
2.5 2.3527 2.61854
2.5 2.3399 2.34543
2.5 2.3328 2.28215
2.82 2.3555 2.62224
2.5 3.106 3.57408
2.8 2.6179 2.31317
2.5 2.4613 2.25999
2.5 2.4288 2.65907
2.5 2.3602 2.32839
2.8 2.345 2.31918
3.14 2.6065 2.34522
2.5 2.7707 2.47943
2.5 2.3459 2.32193
2.82 2.5663 2.40825
2.8 2.3746 2.62672
2.5 2.327 2.64872
2.5 2.3528 2.61407
2.5 4.4055 4.07665
2.8 2.6078 2.44085
2.5 2.6427 2.32456
2.5 2.6554 2.35391
2.82 2.9415 3.69409
2.5 2.6157 2.47148
2.5 2.6686 2.38076
2.5 2.6597 2.32506
2.8 2.6527 2.36615
2.82 2.3085 2.34305
2.5 2.6374 2.30718
2.82 4.2511 3.79049
2.8 2.3826 2.61665
2.5 2.3661 2.32581
2.5 2.3614 2.60114
3.12 2.292 2.57368
2.5 2.4098 2.65173
2.8 2.6616 2.32294
2.5 2.4872 2.55527
2.5 2.4306 2.36265
2.5 2.6219 2.34179
2.5 2.6943 2.32551
2.8 3.8568 4.21043
2.82 2.3363 2.60433
2.5 2.6652 2.36541
2.82 2.4514 2.64978
2.5 2.6893 2.51536
2.5 2.3521 2.60353
2.5 2.333 2.48318
2.5 3.5111 3.33111
3.12 2.3351 2.32337
2.5 2.2879 2.2622
2.5 2.4856 2.40137
2.82 2.6005 2.33635
2.5 2.3648 2.58984
2.5 2.4234 2.65205
2.5 2.3393 2.59924
2.8 2.3566 2.72977
2.5 2.3737 2.66677
2.5 2.3483 2.59531
2.5 2.6281 2.35076
2.8 2.3242 2.40819
2.5 2.3812 2.36316
2.5 2.639 2.33726
3.12 2.4566 2.66099
2.5 2.353 2.59745
2.5 2.3193 2.53713
2.5 2.3768 2.59492
2.8 2.4736 2.8102
2.5 2.6515 2.33644
2.5 2.3553 2.2944
2.5 3.9866 3.58786
3.12 2.3469 2.35588
2.5 2.3989 3.43771
2.5 2.4011 2.32285
2.5 2.6577 2.49992
2.82 2.6184 2.35021
2.5 2.5564 2.28325
2.5 2.6188 2.33922
3.14 2.6385 2.81996
2.5 2.6243 2.3406
2.5 2.5369 2.33374
2.82 2.3698 2.62771
2.5 2.6358 2.32064
2.82 2.4147 3.80517
2.5 2.3698 2.59842
3.12 2.488 2.35769
2.5 2.3452 2.60967
2.5 2.328 2.58563
2.5 2.7215 2.31046
2.5 2.6402 2.2744
2.8 2.3315 2.69584
2.5 2.4851 2.6117
2.82 3.5865 4.12725
3.12 2.3574 2.36193
2.5 2.3484 2.3296
2.82 2.366 2.60398
2.5 2.3854 2.33224
2.5 2.6297 2.38695
2.82 2.6638 2.37408
2.5 2.6299 2.32195
3.12 2.6234 2.33171
2.5 2.3414 2.31701
2.5 2.355 2.33005
2.5 2.3295 2.57532
2.5 2.6437 2.33816
2.5 2.8779 2.41759
2.5 2.6242 2.34607
3.12 2.3512 2.32478
2.82 2.3512 2.65397
2.5 2.3728 2.35204
2.8 2.3258 2.29946
2.5 2.3644 2.35219
2.82 2.3364 2.6348
2.5 2.3373 2.59998
2.82 4.2887 2.93735
3.12 2.3514 2.3966
2.5 2.3545 2.33147
2.5 2.3724 2.40664
2.5 2.3654 2.31695
2.5 2.6069 2.4393
2.5 2.5624 2.30108
2.5 2.695 2.34246
3.12 2.353 2.34568
2.5 2.3584 2.75097
2.5 2.287 2.53629
2.5 2.6019 2.67031
2.5 3.2516 2.56387
2.5 2.5968 2.33167
2.8 2.4441 2.60206
3.14 2.5126 2.65457
2.5 2.3585 2.60429
2.82 4.1072 3.94526
2.82 2.3375 2.74228
2.5 2.3431 2.59321
2.5 2.3446 2.41713
2.82 2.2869 2.5727
3.12 4.3494 3.09788
2.5 2.2889 2.72636
2.5 2.361 2.64364
2.8 2.3766 2.64388
2.5 2.394 2.71041
2.82 2.673 2.36258
2.5 2.3966 2.35093
2.5 4.291 2.89312
3.12 2.6268 2.34888
2.5 2.4023 2.74585
2.5 2.9223 2.62861
2.5 2.404 2.37281
2.8 3.8824 3.21033
2.5 2.6181 2.35966
2.5 2.6828 2.33486
3.12 2.6583 2.32224
2.5 2.3477 2.33289
2.5 2.3448 2.33215
2.5 2.9919 4.48408
2.5 2.3523 2.60595
2.82 2.4038 2.33363
2.5 2.3387 2.33456
3.12 4.2913 3.65205
2.82 2.6276 2.34002
2.5 2.6493 2.35783
2.5 2.7582 2.36279
2.5 2.6072 2.34093
2.5 2.7959 2.34725
2.5 2.6283 2.33574
2.5 3.3668 3.39832
2.82 2.3511 2.61883
2.5 2.6136 2.3299
2.5 2.6027 2.3131
2.5 4.2052 3.9716
2.5 2.6281 2.335
2.8 2.3732 2.72035
2.5 2.332 3.72989
3.12 2.3574 2.32283
2.5 2.4004 2.75427
2.5 2.3265 2.73846
2.5 2.355 2.60153
2.5 2.4287 3.56956
2.82 2.4654 2.63031
2.5 2.3863 2.67805
2.8 2.5616 2.39381
2.5 2.3447 2.32849
2.5 2.3378 2.32717
2.5 2.3565 2.35301
2.5 2.4044 2.64158
2.5 2.621 2.34631
2.5 2.6547 2.32241
3.12 4.4616 4.43064
2.82 2.3384 2.62383
2.5 2.285 2.53915
2.5 2.3731 2.78913
2.5 2.6396 2.33146
2.5 2.6169 2.35433
2.5 2.4116 2.32491
2.5 2.3564 2.63632
3.14 2.3633 2.36487
2.8 2.3442 2.63071
2.5 2.3907 2.58549
2.5 2.3435 2.6078
2.5 2.6082 2.37492
2.82 2.3566 2.33716
2.8 2.3718 2.31928
2.82 2.5441 2.65874
2.5 2.342 2.32473
2.5 2.5081 2.38529
2.5 2.807 2.30852
2.82 2.3108 2.40315
2.5 2.3486 2.31601
2.8 2.3358 2.33585
3.14 4.4658 4.4704
2.8 2.6244 2.3604
2.5 2.6664 2.32542
2.5 2.638 2.32947
3.12 4.0257 4.31486
3.44 4.2636 2.3725
2.82 2.4552 2.71848
3.12 2.756 2.40806
2.82 2.3857 2.69039
2.8 2.7213 2.40475
2.5 2.4418 2.41424
3.42 4.0019 3.41457
2.82 2.4563 2.83148
3.44 2.737 2.46162
2.8 2.6038 2.33172
2.5 2.6442 2.37785
2.5 2.3538 2.61354
2.5 2.5789 2.72249
2.5 2.3469 2.62499
2.82 2.5752 2.43848
2.82 3.6383 4.41015
3.44 2.7568 2.42664
2.82 2.7613 2.3386
2.5 2.3512 2.33515
2.5 2.3525 2.76407
2.5 2.3393 2.60122
2.5 2.5971 2.33866
2.8 4.7011 4.37093
2.82 2.3494 2.59042
2.5 2.5161 2.46475
2.5 2.3926 2.60625
2.5 2.3613 2.33526
2.5 2.3537 2.65338
2.82 2.4096 2.33944
2.5 2.3539 2.32536
3.14 3.4625 3.34254
2.8 2.4003 2.37605
2.5 2.6161 2.48147
2.5 2.4378 2.42404
2.82 3.817 2.49911
2.8 2.397 2.68849
2.82 2.6699 2.38814
3.12 2.4304 2.34794
2.5 2.6161 2.34474
2.5 2.6344 2.34399
2.5 2.4348 2.81492
2.5 3.7832 2.37448
2.5 2.3698 2.37892
2.5 2.3293 2.54461
3.44 2.3544 2.9054
2.5 4.0011 4.40829
2.5 2.3814 2.60968
2.5 2.3287 2.6153
2.5 2.3572 2.63671
2.5 2.6551 2.43202
2.5 2.3653 2.61319
2.8 4.6869 4.2127
2.82 2.7947 3.41207
2.8 2.6915 2.38935
2.82 2.4499 2.6775
2.5 2.5896 2.29667
2.5 2.2893 2.60386
2.5 2.3342 2.64371
2.5 3.3163 3.57634
2.8 2.654 2.34363
2.5 2.3692 2.34524
2.5 2.3291 2.64171
2.5 2.3327 2.57845
2.5 2.713 2.36571
2.5 2.6423 2.35386
2.5 2.3713 2.32155
3.12 2.6037 2.33386
2.82 2.4116 2.36054
2.5 2.3309 2.61277
2.5 2.3542 2.58756
2.5 2.371 2.64458
2.82 2.6437 2.35258
2.5 2.6425 2.32944
3.12 3.3739 2.36195
2.5 2.5477 2.63069
2.8 2.355 2.62414
2.5 2.3493 2.622
2.5 2.3572 2.62513
2.5 2.6511 2.34225
2.5 2.6102 2.34282
2.8 3.5236 3.92328
3.14 2.352 2.32902
2.5 2.2912 2.73073
2.5 3.9995 3.81787
2.8 2.3541 2.32723
2.5 2.6053 2.33339
2.5 2.3262 2.58179
2.5 3.1569 3.2519
2.82 2.3484 2.35871
2.5 2.4334 2.64417
2.5 2.3362 2.60603
2.5 2.4107 2.58386
2.5 2.4655 2.73106
2.5 2.6458 2.318
2.5 2.6179 2.38303
3.14 2.5995 2.63753
2.5 2.3391 2.63368
2.5 2.4625 2.35298
2.82 2.631 2.35717
2.5 2.7186 2.38969
2.5 2.3475 2.43137
3.12 2.5515 2.29539
3.44 2.565 2.6519
2.5 2.6225 2.34602
2.5 2.6447 2.32333
2.5 3.2682 3.67593
3.12 4.2149 4.38472
3.12 3.677 2.78798
3.12 3.5794 3.74858
3.44 2.6262 2.47607
2.5 2.3612 2.34135
2.5 2.3446 2.32755
2.5 2.6326 2.39952
2.5 2.373 2.34402
2.5 2.4852 2.43559
2.5 2.3618 2.31701
2.8 2.6194 2.33512
2.5 2.4058 2.40172
2.82 2.3485 2.60554
2.5 2.3613 2.58003
2.5 2.3901 2.42292
2.5 2.6139 2.32911
2.5 2.5866 2.33579
3.12 2.6654 2.62151
2.5 2.7563 2.38552
2.5 2.6349 2.32666
2.5 2.6134 2.35583
2.5 2.641 2.4716
2.5 2.6625 2.3183
2.5 2.3525 2.31421
2.82 3.4481 3.50695
2.8 2.3993 2.31995
2.5 3.2711 2.66034
2.5 2.391 2.32471
2.5 2.3445 2.34754
2.5 2.3295 2.35345
2.5 2.552 2.30418
2.5 2.6022 2.3378
3.12 2.4643 2.51978
2.5 2.7679 2.37193
2.8 2.4145 2.37264
2.82 2.4062 2.80245
2.8 2.3183 2.83295
2.5 2.3602 2.31877
2.5 2.3987 2.368
3.12 2.3679 2.65075
2.82 2.6516 2.39078
2.82 2.664 2.27733
2.5 2.4377 2.29261
2.5 2.3955 2.51968
2.5 2.3399 2.31459
2.82 2.2872 2.64029
2.8 4.1786 4.51061
2.5 2.669 2.4456
2.5 2.3854 2.35424
2.8 2.7119 2.3637
2.5 2.6316 2.32518
2.5 2.328 2.62842
2.5 2.737 2.37316
2.82 3.7398 3.38357
3.12 2.6676 2.31437
2.5 2.3731 2.28699
2.5 2.6122 2.34553
2.5 2.3388 2.62614
2.5 2.6199 2.3466
2.5 2.2824 2.91719
2.5 2.6434 2.33132
3.12 2.3461 2.59859
2.5 2.7182 2.67902
2.5 2.2805 2.59587
2.5 2.355 2.65781
2.5 2.4314 2.72849
2.5 2.3326 2.60913
2.5 2.6116 2.33104
2.82 3.5209 3.60876
2.82 2.4384 2.59823
2.8 2.8542 2.69935
2.82 2.6583 2.34387
2.5 2.5973 2.34732
2.82 2.3461 2.33086
2.5 2.3313 2.80192
2.5 3.9506 3.38511
3.12 2.6392 2.44456
2.82 2.6581 2.3557
2.5 2.7493 2.39257
2.5 2.6626 2.35804
2.5 2.6536 2.32289
2.5 2.6804 2.3711
2.5 2.3403 2.33235
3.12 2.6694 2.33023
2.5 2.3881 2.32434
2.5 2.3431 2.59912
2.5 2.36 2.66342
2.5 2.3575 2.63294
2.5 2.5528 2.32838
2.82 2.3473 2.59962
3.12 2.3491 2.63865
2.82 2.401 2.66893
2.5 2.6546 2.31875
2.5 2.5963 2.95174
2.5 2.678 2.38898
2.5 2.6136 2.31881
2.5 2.6323 2.33788
2.82 3.0553 4.05346
2.82 2.3488 2.60485
2.8 2.4159 2.36179
2.82 2.484 2.49213
2.5 2.6459 2.36517
2.82 2.66 2.32927
2.5 2.4106 2.57462
2.8 2.6782 3.63712
3.12 2.3862 2.62046
2.82 2.3447 2.54732
2.5 2.4863 2.62589
2.5 2.3432 2.60945
2.8 2.635 2.34124
2.5 2.6594 2.33251
2.82 2.4275 2.3929
3.12 2.3402 2.60888
2.5 2.712 3.89729
2.5 2.5632 2.7406
2.5 2.2766 2.53186
2.5 2.3585 2.77221
2.5 2.3654 2.60837
2.5 2.3549 2.60802
2.8 4.5469 4.12821
2.5 2.3482 3.32388
2.5 2.3139 2.29085
2.8 2.3484 2.67923
2.5 2.3577 2.34551
2.82 2.351 2.32216
2.5 2.3374 2.68436
2.8 3.2459 3.9834
3.14 2.3508 2.63761
2.5 2.3553 2.37973
2.5 2.6309 2.32723
2.5 2.6183 2.32871
2.5 2.5949 2.31569
2.5 2.3723 2.58612
2.5 2.6127 2.33341
3.12 2.6407 2.37027
2.5 2.3998 2.32
2.5 2.3483 3.26657
2.5 2.3548 2.64529
2.5 2.5725 2.33746
2.5 2.6354 2.34777
2.8 2.7338 2.3463
3.14 2.4213 2.3191
2.8 2.2977 2.36931
2.5 2.6425 2.41022
2.5 2.6246 2.34434
2.5 2.4505 2.78494
2.5 2.3599 2.60217
2.5 2.3269 2.60047
3.12 4.486 4.11501
2.82 2.4346 2.34721
2.5 2.6306 2.34141
2.5 2.6054 2.33939
2.5 2.6425 2.33864
2.5 2.647 2.33338
2.5 2.6242 2.3282
2.5 2.6387 2.36984
2.82 2.3761 2.71814
2.5 2.6341 2.33855
2.8 2.6612 2.73606
2.82 3.4887 3.44586
2.82 3.2303 2.32615
3.12 2.8809 2.87477
2.8 2.5466 2.34295
3.14 2.3398 2.59148
2.5 2.3435 2.37748
2.82 2.9466 2.34716
2.5 2.3959 2.83512
2.5 2.4286 2.32271
2.8 2.4177 2.45121
2.5 2.5538 2.28086
3.12 2.4791 2.32489
2.82 2.4001 2.36007
2.8 2.3706 2.83462
2.82 2.8759 2.35736
2.5 2.2988 2.28889
2.5 3.1122 2.39066
2.5 2.3663 2.6046
3.44 2.3473 2.33865
2.82 3.4081 2.91274
2.8 3.9638 2.68543
2.5 2.4386 2.40915
2.5 2.3976 2.69371
2.5 2.7193 2.53165
2.82 2.6596 2.47533
3.12 2.3639 2.75585
2.5 2.4289 2.68167
2.8 2.3456 2.62334
2.82 2.4013 2.89554
2.5 2.6308 2.39119
2.82 2.6738 2.35225
2.8 2.6001 2.35251
3.12 2.3443 2.6363
2.82 2.5753 2.29705
2.82 3.0557 2.61241
2.5 2.4006 2.59419
2.8 2.764 2.40151
2.5 2.8072 2.33761
2.5 2.3345 2.77705
3.12 4.0912 4.31091
2.5 2.8297 2.35231
2.5 2.3994 2.82783
2.82 2.3456 2.32606
2.5 2.3529 2.35659
2.5 2.3666 2.60763
2.5 2.3626 2.60095
2.8 3.2181 4.5547
2.82 2.3412 2.63041
2.5 2.6188 2.67359
2.82 2.35 2.59828
2.5 2.711 2.35955
2.5 2.5017 2.73952
2.82 2.4718 2.33318
2.5 3.5973 3.78649
3.12 2.6945 2.49741
2.5 2.6848 3.09518
2.82 2.6894 2.35634
2.8 2.3766 2.70915
2.5 2.3033 2.29188
2.5 2.9439 2.37184
2.5 2.344 2.62851
3.14 2.5987 2.34996
2.5 2.7117 2.33039
2.82 2.7859 2.37012
2.5 2.5794 2.27303
2.5 2.5609 2.34001
2.5 2.4984 2.6471
2.5 2.6248 2.32064
3.12 2.5664 2.33552
2.82 2.6461 2.37271
2.5 2.3694 2.64633
2.5 2.6336 2.38258
2.5 2.6251 2.41126
2.5 2.3567 2.32459
2.5 2.3324 2.32059
2.82 3.3197 3.65418
2.82 2.2999 2.69205
2.5 2.3626 2.34685
2.5 2.3354 2.35196
2.5 2.3676 2.34155
2.5 2.7582 2.30217
2.82 2.3703 2.31614
2.5 2.4487 2.66359
3.14 2.3432 2.36679
2.5 2.391 2.37631
2.5 2.567 2.40317
2.82 2.6436 2.37803
2.5 2.3692 2.35333
2.5 2.8057 2.38484
2.82 2.6362 2.32001
3.12 2.4029 2.62464
2.5 2.6751 2.32211
2.5 2.7204 2.38604
2.5 2.283 2.59511
2.5 2.3629 2.34241
2.8 2.3745 2.33302
2.5 2.9517 2.35956
2.8 2.318 2.58741
2.5 2.3435 2.60949
2.82 2.3792 2.31898
2.5 2.6201 2.33843
2.5 2.3572 2.6292
2.82 2.3626 2.63391
2.5 2.6 2.28113
3.12 3.8029 3.7776
2.82 2.5421 2.71412
2.5 2.3932 2.9639
2.5 2.4544 2.68154
2.5 2.3722 3.15386
2.5 2.8832 2.40004
2.5 2.95 2.26857
2.82 4.0446 4.6651
3.12 2.6896 2.41396
2.8 2.3365 2.78629
2.5 2.3384 2.38194
2.5 2.3688 2.63849
2.5 2.3867 2.68629
2.8 2.3687 2.8849
2.82 3.9779 3.78862
3.12 2.3029 2.29734
2.5 2.8317 2.35538
2.5 2.3437 2.28058
2.5 2.3395 2.34677
2.5 2.3456 2.76227
2.82 2.3777 2.33151
2.8 2.5497 4.44017
3.12 2.3556 3.07573
2.5 2.6556 2.50931
2.5 2.3187 2.34118
2.82 3.0486 2.38911
2.5 2.4614 2.61215
2.5 2.3855 2.35423
2.8 2.3782 2.61948
3.14 2.3652 2.66154
2.8 2.3483 2.65837
2.82 2.368 2.86705
2.8 2.5444 2.48311
2.5 2.3552 2.34126
2.5 2.6279 2.67114
2.5 2.7924 2.55195
3.12 2.9055 2.36965
2.82 2.9187 2.37365
2.8 2.9789 2.43181
2.82 2.467 2.60212
2.82 2.6041 2.90183
2.82 3.1656 2.4214
2.8 2.7087 2.61061
3.14 2.4073 2.67184
2.5 2.6299 2.32809
2.5 2.3388 2.61082
2.82 2.5821 2.66358
2.5 2.5651 2.27007
2.8 2.605 2.34507
2.5 2.5977 2.30525
3.14 2.525 2.34145
2.5 2.6348 2.34136
2.5 2.7837 2.41128
2.5 2.6654 2.2701
2.82 2.3484 2.56004
2.5 2.6886 2.63733
2.5 2.6404 2.32224
2.82 2.6073 2.57433
2.8 2.3431 2.43072
2.5 2.8829 2.38563
2.82 2.3308 2.62994
2.5 3.0503 3.74571
2.5 2.6706 2.32351
2.82 2.5984 2.35329
2.82 2.6508 2.36082
3.12 2.3549 2.35953
2.5 2.3514 2.40744
2.82 2.8782 2.33904
2.5 2.922 2.37148
2.5 2.9108 2.45251
2.5 2.3312 2.59756
2.82 2.3281 2.6088
2.82 2.632 2.33303
2.5 2.5519 2.33993
2.5 2.3646 2.34493
2.5 2.3247 2.31438
2.5 2.8744 2.34699
2.5 2.3704 2.83772
2.82 2.3683 2.61243
2.82 4.2716 4.60883
2.5 2.6095 2.34106
2.5 2.4263 2.4107
2.5 2.4818 2.61153
2.5 2.4011 3.27658
2.8 2.6133 2.34786
2.5 2.6238 2.3398
2.5 3.3416 3.38845
3.12 2.4196 2.37002
2.5 2.3277 2.32203
2.82 2.3425 2.63918
2.5 2.7142 2.56869
2.5 2.8197 2.35955
2.5 2.3076 2.29652
2.5 2.3383 2.31396
3.12 2.4487 2.38031
2.8 2.7887 2.53131
2.5 2.2854 2.28312
2.5 2.4375 2.36108
2.82 2.445 2.87139
2.5 2.3482 2.61702
2.5 2.671 2.34933
3.14 4.3169 4.50434
2.5 2.5935 2.29565
2.5 2.4224 2.36209
2.5 2.3592 2.32768
2.5 2.3392 2.61846
2.5 2.6538 2.39951
2.82 2.4523 2.35997
2.8 2.629 3.12
2.82 2.3391 2.67828
2.5 2.6665 2.41337
2.8 2.6966 2.38197
2.5 2.6465 2.37066
2.82 2.6064 2.33774
2.5 2.6803 2.46768
2.5 2.7209 2.30779
3.14 2.4292 2.39237
2.8 2.3625 2.32341
2.5 2.4858 2.59997
2.5 2.3652 2.61242
2.5 2.6472 2.34383
2.5 2.6575 2.35725
2.5 2.3628 2.3501
3.12 2.4099 2.63002
2.5 2.3229 2.61027
2.5 2.6989 3.32689
2.82 2.3855 2.3192
2.5 3.7416 3.42808
2.8 2.3593 2.61781
2.5 2.4037 2.31682
2.5 3.956 3.34964
2.8 2.2837 2.64795
2.82 2.3264 2.68284
2.5 2.6773 2.33865
2.5 2.3324 2.74076
2.82 2.367 2.61182
2.5 2.3548 2.34104
2.82 2.9087 2.33596
3.12 2.6531 2.35004
2.5 2.7026 2.38127
2.5 2.3713 2.67924
2.5 2.3755 2.60698
2.82 2.6341 2.32955
2.5 2.7058 2.39957
2.5 2.6148 2.32794
3.14 2.7427 2.36474
2.8 2.357 2.63735
2.5 2.3538 2.59282
2.5 2.5037 2.61242
2.5 2.437 2.65166
2.5 2.6404 2.32428
2.5 2.3331 3.08433
3.12 4.4862 4.53541
2.8 2.334 2.59826
2.82 3.4543 3.25595
2.5 2.3255 2.33443
2.82 2.343 2.85538
2.8 2.3308 2.59439
2.5 2.3865 2.59565
2.82 3.5647 3.40397
3.12 2.4707 2.73947
2.5 2.3401 2.64781
2.5 2.6102 2.3531
2.5 2.7883 2.37573
2.5 2.617 2.70441
2.5 2.746 2.59886
2.5 2.3542 2.64925
3.12 2.417 2.86678
2.82 2.3637 2.30673
2.5 2.8071 2.36194
2.5 2.3681 2.40315
2.5 4.0067 2.7042
2.5 2.3423 2.35395
2.5 2.3608 2.59103
3.12 2.3913 2.3711
2.82 2.6717 2.37853
2.5 2.2879 2.29183
2.5 2.3178 2.2885
2.5 2.418 2.67914
2.5 2.705 2.33716
2.5 2.6676 2.33519
3.12 2.3648 2.59398
2.82 2.3523 2.34936
2.5 2.3559 2.30094
2.8 2.3967 2.66325
2.5 2.3375 2.54486
2.82 2.3717 2.61068
2.5 3.2345 3.36791
2.8 4.1345 4.32552
2.5 2.3625 2.61435
2.8 2.3194 2.59216
2.5 2.3347 2.46536
2.5 2.3637 2.47056
2.5 2.5667 2.68113
2.5 2.6893 2.40661
2.5 2.6012 2.33973
3.14 2.704 2.44515
2.5 2.6678 2.37241
2.5 2.3975 2.34801
2.82 2.3823 2.62369
2.5 2.3231 2.58787
2.8 2.3495 2.2949
2.82 2.3369 2.38969
2.82 2.2865 2.27194
2.5 2.7134 4.59927
2.5 2.6325 2.35569
2.82 2.6287 2.38649
2.8 2.3783 2.6002
2.82 2.3651 2.35985
2.5 2.6232 2.36171
2.82 2.7824 2.3845
2.5 2.3453 2.40357
2.8 2.3729 2.69968
2.5 2.3363 2.60299
2.5 2.4105 2.55833
2.5 2.3658 2.72038
2.5 2.804 2.37816
3.12 2.41 2.99064
2.5 2.6585 2.32807
2.5 2.2895 2.57051
2.5 2.3513 2.36053
2.5 2.7887 2.3149
2.5 2.6445 2.34196
2.5 2.3555 2.43834
2.5 3.9258 3.55812
3.14 2.4266 2.65911
2.5 2.6034 2.63342
3.12 2.3727 2.39146
2.5 2.3338 2.38752
2.5 2.4163 2.33315
2.82 2.5815 3.41128
2.5 2.3423 2.32363
3.12 3.6057 2.60196
2.82 2.5802 2.35243
2.5 3.0251 2.7956
2.5 2.6192 2.32763
2.5 2.6357 2.30657
2.5 3.1243 2.34238
2.5 2.3481 2.8105
3.14 4.1624 4.57663
2.5 2.6678 2.34694
2.5 2.3369 2.70272
2.82 2.354 2.6017
2.5 2.5797 2.87553
2.5 2.6006 2.33309
2.8 2.8017 2.3485
2.82 3.3213 3.3987
3.12 2.6261 2.34585
2.5 2.3571 2.32889
2.82 2.3346 2.60605
2.5 2.4939 2.42121
2.5 2.3478 2.84685
2.5 2.3599 2.69928
2.5 2.3609 2.64447
3.12 2.3552 2.60543
2.5 2.3392 2.63257
2.5 2.3698 2.39182
2.5 2.3647 2.37325
2.5 2.3563 2.39496
2.5 2.6812 2.61138
2.82 2.4079 2.61277
2.8 2.5031 2.60045
2.5 2.3529 2.65183
2.5 2.5888 2.27401
2.82 2.3603 2.3479
2.5 2.6431 2.45139
2.8 2.4351 2.66535
2.82 2.717 2.4085
2.8 3.486 3.33592
3.14 2.4631 2.63082
2.5 2.3594 2.59834
2.5 2.3355 2.39372
2.5 2.6341 2.33879
2.5 2.6302 2.31077
2.82 2.6472 2.35043
2.5 2.3432 2.35226
3.12 2.3317 2.60861
2.8 2.3557 2.63075
2.5 3.052 2.34862
2.5 2.6742 2.32129
2.5 2.8479 2.41965
2.5 2.6203 2.42059
2.5 2.3536 2.33847
2.82 2.3942 2.87208
2.5 2.3362 2.3413
2.8 2.5521 2.35778
2.82 2.9018 2.37203
2.5 2.3641 2.33847
2.5 2.8693 2.55705
2.82 2.9994 2.36674
2.8 4.1569 4.24509
2.5 2.3604 2.70811
2.5 2.9247 2.37751
2.8 2.4389 2.85818
2.5 2.3655 2.35603
2.5 2.9139 2.36181
2.82 3.3243 2.93838
3.12 2.3798 2.7319
2.82 2.3856 2.36436
2.5 2.4961 2.71174
2.5 2.4931 2.37849
2.5 2.3055 2.33949
2.5 2.3634 2.32888
2.8 4.0078 2.33029
3.14 4.1893 4.67422
2.5 2.3333 4.50608
2.5 3.3849 2.94976
2.5 2.7528 2.35017
2.8 2.4134 2.33485
2.5 2.4028 2.37467
2.82 2.4961 2.58185
2.8 4.0531 3.61849
2.82 2.6136 2.5041
2.82 2.5545 2.35723
2.5 3.7214 2.38504
2.5 2.742 2.50923
2.5 2.6927 2.3985
2.82 2.3971 2.40833
2.8 2.8233 2.41144
3.12 2.4266 2.72781
2.82 2.7607 2.35265
2.5 2.3772 2.74261
2.5 2.3332 2.4957
2.8 2.3785 2.60475
2.5 2.4222 2.37357
2.5 2.4239 2.75809
2.5 2.3456 2.54453
2.5 2.344 2.53479
2.5 2.3437 2.31325
2.8 2.3838 2.38788
2.5 2.6202 2.32987
2.5 2.6541 2.32501
2.5 2.5467 2.40717
2.8 4.1828 4.18707
2.82 2.3501 2.62356
2.5 2.3699 2.34473
2.8 2.7833 2.88069
2.82 2.4059 2.5567
2.82 3.2883 2.35656
2.5 2.9061 2.4674
2.82 3.8759 3.40579
3.12 2.3633 2.34433
2.82 2.3502 2.69568
2.5 2.3746 2.35365
2.5 2.6627 2.81594
2.5 3.1019 2.56999
2.5 2.9144 2.66166
2.8 4.2966 2.80717
2.82 2.5862 2.69029
2.8 2.426 2.69073
2.82 2.5997 2.60372
2.82 2.4428 2.69489
2.8 4.3967 4.12777
2.5 2.6073 2.5554
2.82 3.1342 3.99384
2.82 2.6376 2.65615
2.5 2.5332 2.3866
2.82 2.557 2.55019
2.5 2.6998 2.49302
2.5 2.3419 2.58642
3.44 4.3719 4.10841
3.76 2.4748 2.44552
3.12 2.4081 2.3484
2.8 2.6145 2.31116
2.82 2.7257 2.36341
2.5 2.3606 2.53294
2.5 2.5284 2.62053
2.8 2.4143 2.77688
2.82 3.94 4.13826
2.8 2.5558 2.36569
2.5 2.3693 2.53071
2.5 2.4041 2.38779
2.5 2.3478 2.70998
2.5 2.3467 2.57453
2.5 2.6901 2.28438
2.82 4.0649 4.38372
2.8 2.6566 2.52466
2.5 2.3576 2.32864
2.82 2.4413 2.38269
2.5 2.7661 2.35153
2.5 2.3552 2.37814
2.82 2.7312 2.3378
2.5 2.7552 2.3517
2.82 2.8212 2.34183
2.5 2.7521 2.33107
2.5 2.4017 2.53154
2.5 2.4541 2.34712
2.5 2.5209 2.35346
2.5 2.615 2.29214
2.5 2.3965 2.7843
3.12 2.57 2.33926
2.5 2.3271 2.51418
2.5 2.3465 2.44085
2.5 2.65 2.36081
2.82 2.3917 2.37684
2.5 2.6234 2.38908
2.82 2.3891 2.37981
2.8 3.9932 2.91106
2.82 2.6244 2.36769
2.82 2.367 2.34371
2.5 2.3461 2.62622
2.5 2.2922 2.34878
2.5 2.6304 2.32969
2.8 2.6936 2.41645
2.82 3.6908 3.24367
3.12 2.9426 2.69115
2.5 2.3579 2.59617
2.5 2.3496 2.56384
2.82 2.9396 2.31669
2.5 2.3386 2.33313
2.8 2.3638 2.35452
2.5 2.5966 2.4669
3.12 2.3665 2.32194
2.5 2.6702 2.34969
2.5 2.3651 2.33296
2.8 2.357 2.33917
2.82 2.353 2.5973
2.5 2.582 2.44421
2.5 2.6933 2.33814
3.12 2.6942 2.33256
2.5 2.3766 2.65739
2.82 2.3927 2.35221
2.82 2.3091 2.62292
2.5 2.3761 2.36736
2.5 2.3016 2.5451
2.82 2.3427 2.63861
3.12 4.6166 2.80972
2.82 2.6144 2.33049
2.5 2.9081 2.37586
2.5 2.4163 2.45052
2.5 2.5769 2.31028
2.82 2.3803 2.44665
2.5 2.3994 2.3233
2.8 4.4053 4.25313
2.82 2.3772 2.35893
2.8 2.3421 2.34558
2.5 3.113 4.16864
2.5 2.4942 2.40141
2.5 2.3557 2.64488
2.82 2.6956 2.32093
2.5 3.2612 3.28397
3.12 2.6776 2.34621
2.5 2.603 2.32264
2.82 2.6939 2.34001
2.5 2.7695 2.37279
2.5 2.6108 2.32123
2.5 2.6085 2.28389
2.5 3.971 3.12628
3.12 2.388 2.61553
2.5 2.3404 2.35272
2.8 2.3717 2.34043
2.5 2.3641 2.34765
2.5 2.3591 2.61432
2.5 2.3463 2.68675
2.5 2.3615 2.5907
3.12 2.6929 2.34122
2.5 2.3939 2.61747
2.5 2.404 2.68794
2.5 2.3409 2.60022
2.82 2.6113 2.32773
2.5 2.6578 2.51748
2.5 2.6329 2.34159
2.5 3.5126 3.30145
3.12 2.3289 2.62821
2.5 2.3449 2.69898
2.5 2.3676 2.79804
2.8 2.6495 2.33905
2.5 2.3373 2.36478
2.5 2.354 2.42154
2.5 2.3918 2.34569
3.12 2.3104 2.72474
2.5 2.5437 2.32439
2.82 2.601 2.33325
2.8 2.7027 2.62743
2.82 3.0182 2.38954
2.8 2.3431 2.65341
2.5 2.4211 2.44745
3.14 2.6616 2.32647
2.5 2.6694 2.43856
2.5 2.6606 2.33695
2.5 4.4536 2.49528
2.5 2.7239 2.36002
2.8 2.3521 2.92585
2.5 2.7508 2.38789
3.12 2.4863 2.67845
2.5 2.6313 2.34391
2.5 2.9516 2.37126
2.8 3.5142 3.31947
2.5 2.5196 2.69983
2.5 2.3937 2.61328
2.5 2.3398 2.61354
2.5 3.5774 4.35751
2.82 2.3478 2.57838
2.8 2.3915 2.38324
2.5 2.4288 2.34171
2.5 2.2972 2.97759
2.5 2.6442 2.93593
2.5 2.4749 2.32298
2.82 2.9101 3.96314
2.82 2.6289 2.35288
2.8 2.4183 2.62655
2.5 2.3543 2.34278
2.82 2.3303 2.59935
2.8 2.6165 2.35792
2.5 2.6172 2.32685
2.82 2.2965 2.28806
3.12 2.6777 2.37309
2.5 2.4005 2.60058
2.5 2.3561 2.5694
2.82 2.4224 2.60693
2.5 2.6958 2.37378
2.5 2.6182 2.34544
2.5 2.6497 2.36926
3.12 2.3758 2.84636
2.5 2.3421 2.59629
2.5 2.3414 2.34708
2.5 2.3925 2.35926
2.5 2.3294 2.5953
2.82 2.637 2.40056
2.5 2.6749 2.34627
2.82 3.634 3.61216
3.12 2.3544 2.35377
2.8 2.61 2.33586
2.5 2.5434 2.35928
2.5 2.6332 2.33511
2.82 2.4234 2.3227
2.5 2.3436 2.34244
2.8 2.3277 2.59348
2.82 2.8853 2.58518
2.5 2.8363 2.82236
2.82 2.3888 3.38905
3.12 2.3183 2.65218
2.5 2.8408 2.46633
2.5 2.7638 2.54197
2.5 2.3974 2.33362
2.82 2.5373 3.15742
2.5 2.6627 2.42187
2.8 2.349 2.33938
2.82 2.6099 3.74989
2.8 2.5695 2.3297
2.5 2.9766 2.37337
2.5 2.361 2.33658
3.44 2.7331 2.37114
2.5 2.3739 2.3555
2.5 2.3641 2.92807
2.5 2.3936 2.45629
2.82 2.6379 2.32883
2.5 2.6614 2.35969
2.5 2.6375 2.34246
2.82 2.3532 2.34564
2.8 2.379 2.77648
2.5 2.3931 2.6879
2.5 2.443 2.64595
2.5 2.3033 2.68609
2.5 2.3531 2.61953
2.2 2.6242 2.32531
2.5 2.3838 2.32921
2.5 2.6472 2.36377
2.5 2.3446 2.61028
2.5 2.3503 2.56798
2.5 2.3555 2.45379
2.5 2.3506 2.65554
2.5 2.3901 2.38737
2.5 2.387 2.32177
2.5 2.4397 2.38145
2.5 2.6381 2.38146
2.5 2.7159 2.35128
2.5 2.6439 2.52326
2.5 2.3949 2.66745
2.5 2.3355 2.60342
2.5 2.4031 2.32246
2.5 2.4569 2.32939
2.5 2.4272 2.65547
2.5 2.3411 2.6446
2.5 2.4397 2.35877
2.5 2.4077 2.34298
2.82 2.2917 2.7185
2.5 2.3435 2.67809
2.5 2.3721 2.59224
2.5 2.3904 2.76663
2.5 2.4518 2.67949
2.5 2.3932 2.3269
2.5 2.2944 2.27012
2.5 2.376 2.41877
2.5 2.4045 2.39847
2.5 2.6636 2.33736
2.5 2.3552 2.39755
2.5 2.3275 2.56943
2.5 2.3526 2.3296
2.82 2.7468 2.34293
2.5 2.4017 2.71047
2.5 2.8899 2.38395
2.5 2.7184 2.32713
2.5 2.6324 2.39338
2.5 2.3719 2.64611
2.8 2.4787 2.77318
2.5 2.3288 2.69855
2.5 2.6184 2.44807
2.5 2.6461 2.34402
2.5 2.3897 2.84471
2.5 2.6873 2.40937
2.5 2.6799 2.43469
2.5 2.3723 2.76509
2.5 2.3404 2.31773
2.5 2.691 2.34101
2.5 2.6273 2.35136
2.5 2.3592 2.64978
2.5 2.3258 2.60994
2.5 2.618 2.40072
2.5 2.2947 2.55905
2.5 2.3699 2.68281
2.5 2.3789 2.36418
2.5 2.6563 2.34794
2.5 2.6708 2.40709
2.5 2.6784 2.3404
2.5 2.611 2.33919
2.5 2.3434 2.86929
2.5 2.3307 2.60661
2.5 2.3515 2.58993
2.5 2.3513 2.68934
2.5 2.4345 2.34848
2.5 2.3391 2.60899
2.8 2.5025 2.63631
2.5 2.338 2.3297
2.5 2.369 2.35446
2.5 2.7332 2.38387
2.5 2.6445 2.33152
2.82 2.3502 2.32864
2.5 2.4059 2.3814
2.5 2.6449 2.36246
2.5 2.3775 2.342
2.5 2.3535 2.37394
2.5 2.9428 2.3701
2.8 2.3604 2.32773
2.5 2.3436 2.42696
2.5 2.714 2.3532
2.5 2.6648 2.30652
2.5 2.7152 2.44602
2.5 2.359 2.8087
2.5 2.3741 2.60093
2.5 2.324 2.39012
2.5 2.3455 2.7515
2.82 2.6725 2.39741
2.5 2.6245 2.48335
2.5 2.4554 2.78535
2.5 2.7484 2.34214
2.5 2.63 2.28711
2.5 2.3439 2.58514
2.5 2.3792 2.66609
2.18 2.3519 2.34653
2.5 2.3604 2.32149
2.5 2.3637 2.72558
2.5 2.3752 2.62574
2.5 2.3667 2.31951
2.5 2.4405 2.35689
2.5 2.6828 2.33974
2.5 2.6092 2.38529
2.5 2.3251 2.67534
2.5 2.3385 2.66986
2.8 2.3545 2.69382
2.5 2.3877 2.65336
2.82 2.6344 2.35645
2.5 2.3894 2.7333
2.5 2.3797 2.66029
2.5 2.3458 2.35124
2.5 2.3976 2.32274
2.8 2.512 2.36812
2.5 2.722 2.39231
2.5 2.6586 2.32979
2.5 2.6766 2.49905
2.5 2.3878 2.87284
2.8 2.6517 2.39714
2.5 2.3922 2.71918
2.5 2.3508 2.62727
2.5 2.3782 2.73405
2.82 2.848 2.42564
2.5 2.7222 2.33758
2.5 2.3707 2.31426
2.5 2.6247 2.62145
2.5 2.6632 2.35684
2.5 2.6039 2.38011
2.5 2.3362 2.66287
2.5 2.2793 3.00539
2.5 2.383 2.62368
2.5 2.388 2.36271
2.5 2.6607 2.32025
2.5 2.7929 2.34665
2.5 2.7872 2.36497
2.5 2.3252 2.59997
2.5 2.6882 2.48222
2.5 2.6996 2.41467
2.5 2.6276 2.32344
2.5 2.3544 2.60875
2.5 2.3348 2.32186
2.5 2.678 2.34203
2.5 2.3474 2.67522
2.5 2.3161 2.26142
2.5 2.4646 2.76747
2.5 2.4737 2.47077
2.82 2.8614 2.4791
2.5 2.4182 2.35451
2.5 2.3958 2.64569
2.5 2.4065 2.64602
2.5 2.3273 2.37217
2.5 2.6299 2.32635
2.5 2.3334 2.37554
2.5 2.3672 2.34833
2.5 2.42 2.37763
2.5 2.3811 2.87474
2.82 2.3513 2.95009
2.82 2.5745 2.32864
2.5 2.4146 2.33941
2.5 2.9122 2.29279
2.5 2.3636 2.91351
2.82 2.3884 2.89366
2.5 2.7065 2.35175
2.5 3.1114 2.3656
2.82 2.354 2.31938
2.5 2.3414 2.7089
2.5 2.4662 2.63091
2.5 2.3734 2.37785
2.82 2.4024 2.33856
2.5 2.679 2.35631
2.5 2.9165 2.35424
2.8 2.3384 3.02447
2.5 2.4119 2.66876
2.5 2.6591 3.98837
2.8 2.3632 2.69398
2.82 2.8624 2.35082
2.5 2.3499 2.82927
2.5 2.3766 2.838
3.12 2.5727 2.35625
2.82 2.4598 2.63247
2.82 3.7278 4.59705
3.76 4.0595 3.4348
4.06 2.9244 3.68224
3.74 3.6514 3.44999
3.74 3.9641 4.14035
3.76 4.2156 3.83051
3.44 4.1277 3.83512
3.74 4.0748 3.27281
4.08 3.4006 3.76381
4.06 4.2885 3.59917
2.8 2.5924 2.69606
2.82 2.8618 2.34965
2.5 2.3836 2.66256
2.5 2.32 2.5441
2.5 2.6326 2.35096
3.12 2.3813 2.35564
3.76 3.7192 3.34688
3.74 3.773 4.09666
3.12 2.3367 2.67059
2.5 2.6344 2.3217
2.5 2.6812 2.46641
2.8 4.297 4.11701
2.8 2.6488 2.34284
2.82 2.3581 2.58567
2.5 2.6352 2.33365
2.5 3.0879 2.84429
2.8 2.6204 2.35363
2.5 2.5207 2.32788
2.5 2.7605 2.39384
3.12 2.3495 2.36134
2.82 2.4496 2.63977
2.5 2.3529 2.78934
2.8 2.6452 2.3425
2.5 2.8612 2.63187
2.5 2.343 2.35286
2.82 2.3728 2.84078
3.12 2.4778 2.74753
2.5 2.3418 2.5988
2.8 2.6237 2.549
2.82 2.4875 2.80732
2.5 2.3799 2.33235
2.5 2.6438 2.31791
2.82 2.6594 2.55069
3.12 3.3117 2.95608
2.82 2.5999 2.61997
2.5 2.3424 2.61101
2.5 2.4045 2.85295
2.5 2.711 2.5343
2.8 2.6895 2.3862
2.5 2.7977 2.32655
2.8 4.8447 4.24531
2.82 2.2923 2.55895
2.5 2.3465 2.6041
2.5 2.37 2.59474
2.82 3.158 2.45325
2.82 2.3745 2.31361
2.5 2.3167 2.5364
2.5 3.371 3.56291
3.12 2.6442 2.38064
2.5 2.3593 2.3525
2.5 2.3602 2.33445
2.5 2.3408 2.6412
2.5 2.3533 2.60051
2.5 2.3618 2.34517
2.5 2.3658 2.36404
2.82 2.6015 2.32822
2.5 2.3619 2.624
2.82 2.3227 2.65253
2.5 2.3333 2.59754
2.8 2.6417 2.33714
2.5 2.3565 2.325
2.5 2.289 2.35182
2.82 2.6366 2.36787
2.5 2.3525 2.48976
2.5 2.375 2.32936
2.5 2.3374 2.31475
2.5 2.3953 2.72483
2.5 2.6217 2.34829
2.8 2.4306 2.54983
2.82 2.693 2.61414
3.12 2.359 2.34751
2.5 2.3671 2.63119
2.5 2.3359 2.5971
2.5 2.7065 2.3257
2.5 2.3611 2.33588
2.82 2.936 2.36104
2.5 2.3169 2.91405
3.12 2.6201 2.35597
2.5 2.3504 2.3215
2.5 3.5948 2.35094
2.5 2.5731 2.29894
2.5 2.6144 2.32557
2.82 2.3855 2.61848
2.5 2.3787 2.58516
3.12 2.5628 2.36769
2.5 2.5942 2.33624
2.5 2.5683 2.64142
2.8 2.6185 2.53542
2.5 3.3553 2.33581
2.5 2.4066 2.67004
2.8 2.3724 2.81722
3.14 2.6231 2.32504
2.5 2.416 2.35102
2.5 2.3723 2.62216
2.5 2.3331 2.6348
2.5 2.3376 2.61993
2.5 2.3528 2.62979
2.5 2.3532 2.65076
2.5 4.1501 3.36646
2.82 2.3762 2.63976
2.5 2.6991 2.35718
2.5 2.3864 2.34435
2.5 2.3479 2.34217
2.5 2.4014 2.61263
2.82 2.6486 2.35818
2.5 2.3402 2.7808
3.12 2.6397 2.32788
2.5 2.6027 2.37217
2.5 2.8864 2.42483
2.82 2.4245 2.55161
2.8 2.6635 2.76208
2.5 2.6546 2.33186
2.5 2.2991 2.56217
2.82 2.9984 2.46271
2.8 2.3462 2.63124
2.5 2.4272 2.72286
2.5 2.3618 2.34785
2.5 2.3818 2.63875
2.5 2.3839 2.32653
2.5 2.3615 2.34916
2.5 2.8578 2.34955
2.5 2.6018 2.31958
2.5 2.6777 2.56635
2.82 2.636 2.35831
2.5 2.6146 2.31457
2.5 2.4102 2.65973
2.5 2.6248 2.28653
2.8 2.3409 2.33177
2.5 2.8443 2.4271
2.5 2.3425 2.33022
2.5 2.6849 2.33094
2.5 2.6312 2.39181
2.5 2.61 2.28545
2.5 2.6701 2.33339
2.5 2.3398 2.6377
2.5 2.361 2.76502
2.5 2.3737 2.35751
2.82 2.3505 2.9193
2.5 2.8617 2.36843
2.5 2.4834 2.32408
2.5 2.3586 2.73748
2.5 2.436 2.35602
2.5 2.356 2.80363
2.5 2.683 2.37127
2.5 2.3269 2.62952
2.5 2.3421 2.84154
2.5 2.7112 2.366
2.5 2.3865 2.66843
2.5 2.3617 2.78622
2.5 2.7454 2.54808
2.82 2.4719 2.36133
2.5 2.3814 2.61549
2.8 2.384 3.17424
2.5 2.3525 2.63311
2.82 2.6347 2.36825
2.5 2.6778 2.67953
2.5 2.668 2.33606
2.5 2.6581 2.42282
2.5 2.4069 2.59229
2.5 2.3035 2.32525
2.5 2.356 2.74355
2.5 2.3429 2.62006
2.5 2.3625 2.51402
2.5 2.5916 2.31045
2.5 2.6875 2.42062
2.5 2.6647 2.3414
2.5 2.6562 2.3893
2.5 2.2977 2.59186
2.5 2.3716 2.34024
2.5 2.7518 2.41983
2.5 2.6824 2.33486
2.5 2.7038 2.55783
2.5 2.6896 2.40703
2.5 2.6411 2.3376
2.5 2.6266 2.31875
2.5 2.367 2.72079
2.5 2.3691 2.60251
2.5 2.3815 2.32854
2.5 2.4015 2.3584
2.5 2.6162 2.45874
2.5 2.6683 2.35171
2.5 2.3539 2.61475
2.5 2.3576 2.33757
2.5 2.6266 2.32644
2.5 2.3495 2.76573
2.5 2.3493 2.63577
2.5 2.3747 2.62238
2.5 2.3524 2.31873
2.5 2.3755 2.37914
2.5 2.6785 2.34416
2.5 2.6614 2.3701
2.5 2.4123 2.35571
2.82 2.441 2.78842
2.5 2.8375 2.38609
2.82 2.3517 2.47578
2.5 2.6639 2.6675
2.5 2.9635 2.35063
2.5 2.3604 2.37136
2.5 2.646 2.34229
2.5 2.4337 2.67765
2.5 2.3862 2.66111
2.5 2.6352 2.34652
2.5 2.3156 2.77136
2.5 2.3487 2.33735
2.5 2.3925 2.35177
2.82 2.3053 2.29474
2.5 2.817 2.33137
2.5 2.4375 2.69123
2.8 2.3459 2.63706
2.5 2.3729 2.31979
2.5 2.3519 2.41016
2.5 2.6528 2.35287
2.5 2.6628 2.37293
2.5 2.6387 2.37474
2.5 2.6516 2.35756
2.5 2.3428 2.61454
2.5 2.3281 2.51571
2.5 2.348 2.60834
2.82 2.413 2.69701
2.5 2.3861 2.61838
2.5 2.32 2.29721
2.5 2.38 2.32022
2.5 2.5926 2.63836
2.5 2.3993 2.66632
2.82 2.4174 2.67545
2.5 2.4071 2.74183
2.5 2.7073 2.42813
2.82 2.452 3.3409
2.5 2.7061 2.47521
2.5 2.3941 2.70222
2.5 2.4563 2.71928
2.82 2.8619 2.43204
2.8 3.2654 2.77403
2.82 2.4303 2.73711
2.5 2.5619 2.3042
2.5 2.6145 2.44713
2.5 2.5969 2.61676
2.5 2.3577 2.63771
2.5 2.3351 2.62164
2.82 2.386 2.73781
2.82 3.1724 2.76775
2.5 2.5845 2.4003
2.5 2.4439 2.60572
2.5 2.6207 2.68086
2.18 2.3586 2.32467
2.5 2.6212 2.35061
2.5 2.7764 2.46443
2.5 2.4131 2.70083
2.5 2.7202 2.52144
2.5 2.4092 2.37964
2.82 2.395 2.40891
2.5 2.6911 2.3727
2.5 2.7169 2.396
2.5 2.361 2.58741
2.5 2.282 3.09012
2.5 2.4249 2.67951
2.5 2.383 2.38419
2.5 2.6013 2.33313
2.82 2.6495 2.45038
2.5 2.399 2.60555
2.5 2.6168 2.34574
2.5 3.8321 3.78085
2.5 2.7729 2.35029
2.5 2.3383 2.59993
2.5 2.3792 2.34346
2.5 2.606 2.34489
2.5 2.7071 2.38001
2.5 2.3349 2.62963
2.5 2.3105 2.27321
2.5 2.3678 2.74002
