N algo time GFLOPS
128 classic 0.0110341 0.380122
128 transpose 0.0112339 0.373361
128 buffer 0.0093746 0.447412
128 buffer_unroll_M1 0.0127178 0.329798
128 buffer_unroll_M2 0.011497 0.364817
128 buffer_unroll_M4 0.0110043 0.381151
128 buffer_unroll_M8 0.0101447 0.413448
128 buffer_unroll_M16 0.0102669 0.408527
128 block_S1 0.0400392 0.104755
128 block_S2 0.0228221 0.183783
128 block_S4 0.0172257 0.243491
128 block_S8 0.0145512 0.288245
128 block_S16 0.0135715 0.309052
128 block_S32 0.0128172 0.32724
128 block_S64 0.0124207 0.337687
128 block_S128 0.0122239 0.343123
128 block_unroll_S8_M1 0.0150382 0.27891
128 block_unroll_S8_M2 0.0153343 0.273524
128 block_unroll_S8_M4 0.0157034 0.267095
128 block_unroll_S8_M8 0.0178521 0.234947
128 block_unroll_S8_M16 0.0215369 0.19475
128 block_unroll_S16_M1 0.0141371 0.296688
128 block_unroll_S16_M2 0.0130995 0.320188
128 block_unroll_S16_M4 0.0153869 0.272589
128 block_unroll_S16_M8 0.0149048 0.281406
128 block_unroll_S16_M16 0.0170119 0.246551
128 block_unroll_S32_M1 0.0131433 0.319121
128 block_unroll_S32_M2 0.0123369 0.33998
128 block_unroll_S32_M4 0.0121963 0.3439
128 block_unroll_S32_M8 0.0126264 0.332185
128 block_unroll_S32_M16 0.0138022 0.303887
128 block_unroll_S64_M1 0.012717 0.329819
128 block_unroll_S64_M2 0.0118117 0.355097
128 block_unroll_S64_M4 0.0116143 0.361133
128 block_unroll_S64_M8 0.0116758 0.359231
128 block_unroll_S64_M16 0.0122015 0.343753
128 block_unroll_S128_M1 0.012467 0.336433
128 block_unroll_S128_M2 0.0117175 0.357952
128 block_unroll_S128_M4 0.0113199 0.370525
128 block_unroll_S128_M8 0.0112647 0.37234
128 block_unroll_S128_M16 0.0114834 0.365249
256 classic 0.0865471 0.387701
256 transpose 0.0869825 0.385761
256 buffer 0.0658285 0.509725
256 buffer_unroll_M1 0.0849755 0.394872
256 buffer_unroll_M2 0.0785654 0.427089
256 buffer_unroll_M4 0.0784917 0.42749
256 buffer_unroll_M8 0.0728457 0.460623
256 buffer_unroll_M16 0.0734404 0.456893
256 block_S1 0.303099 0.110704
256 block_S2 0.176162 0.190475
256 block_S4 0.130134 0.257846
256 block_S8 0.113091 0.296703
256 block_S16 0.105281 0.318713
256 block_S32 0.108539 0.309147
256 block_S64 0.109343 0.306872
256 block_S128 0.106464 0.315172
256 block_S256 0.0985743 0.340397
256 block_unroll_S8_M1 0.122533 0.273839
256 block_unroll_S8_M2 0.119988 0.279648
256 block_unroll_S8_M4 0.122956 0.272898
256 block_unroll_S8_M8 0.14432 0.232499
256 block_unroll_S8_M16 0.175064 0.191669
256 block_unroll_S16_M1 0.11177 0.300208
256 block_unroll_S16_M2 0.104529 0.321006
256 block_unroll_S16_M4 0.107126 0.313224
256 block_unroll_S16_M8 0.11734 0.285959
256 block_unroll_S16_M16 0.141372 0.237348
256 block_unroll_S32_M1 0.103777 0.323331
256 block_unroll_S32_M2 0.0977694 0.3432
256 block_unroll_S32_M4 0.103232 0.325039
256 block_unroll_S32_M8 0.101265 0.331353
256 block_unroll_S32_M16 0.112918 0.297157
256 block_unroll_S64_M1 0.102574 0.327125
256 block_unroll_S64_M2 0.0944295 0.355338
256 block_unroll_S64_M4 0.0932941 0.359663
256 block_unroll_S64_M8 0.0942485 0.356021
256 block_unroll_S64_M16 0.100479 0.333945
256 block_unroll_S128_M1 0.0985786 0.340383
256 block_unroll_S128_M2 0.0928122 0.36153
256 block_unroll_S128_M4 0.091016 0.368665
256 block_unroll_S128_M8 0.0902267 0.37189
256 block_unroll_S128_M16 0.0922603 0.363693
512 classic 0.669875 0.400724
512 transpose 0.647885 0.414326
512 buffer 0.5163 0.519921
512 buffer_unroll_M1 0.691369 0.388267
512 buffer_unroll_M2 0.639627 0.419675
512 buffer_unroll_M4 0.609412 0.440483
512 buffer_unroll_M8 0.588697 0.455982
512 buffer_unroll_M16 0.58939 0.455446
512 block_S1 2.6675 0.100632
512 block_S2 1.42981 0.187742
512 block_S4 1.07605 0.249463
512 block_S8 0.942113 0.284929
512 block_S16 0.87626 0.306342
512 block_S32 0.824235 0.325678
512 block_S64 0.938635 0.285985
512 block_S128 0.842192 0.318734
512 block_S256 0.806856 0.332693
512 block_S512 0.88271 0.304104
512 block_unroll_S8_M1 1.03318 0.259814
512 block_unroll_S8_M2 0.948704 0.28295
512 block_unroll_S8_M4 0.997552 0.269094
512 block_unroll_S8_M8 1.15701 0.232007
512 block_unroll_S8_M16 1.40214 0.191447
512 block_unroll_S16_M1 0.884371 0.303533
512 block_unroll_S16_M2 0.836802 0.320787
512 block_unroll_S16_M4 0.868906 0.308935
512 block_unroll_S16_M8 0.957731 0.280283
512 block_unroll_S16_M16 1.1147 0.240814
512 block_unroll_S32_M1 0.82786 0.324252
512 block_unroll_S32_M2 0.795085 0.337618
512 block_unroll_S32_M4 0.799964 0.335559
512 block_unroll_S32_M8 0.864367 0.310557
512 block_unroll_S32_M16 0.937878 0.286216
512 block_unroll_S64_M1 0.828609 0.323959
512 block_unroll_S64_M2 0.801516 0.33491
512 block_unroll_S64_M4 0.882827 0.304064
512 block_unroll_S64_M8 1.12434 0.238748
512 block_unroll_S64_M16 1.09176 0.245875
512 block_unroll_S128_M1 0.849356 0.316046
512 block_unroll_S128_M2 0.808681 0.331942
512 block_unroll_S128_M4 0.745675 0.35999
512 block_unroll_S128_M8 0.749262 0.358267
512 block_unroll_S128_M16 0.795116 0.337605
1024 classic 6.27036 0.342482
1024 transpose 5.2485 0.409162
1024 buffer 4.12984 0.519991
1024 buffer_unroll_M1 5.64363 0.380514
1024 buffer_unroll_M2 5.08978 0.421921
1024 buffer_unroll_M4 4.88096 0.439972
1024 buffer_unroll_M8 4.73558 0.453478
1024 buffer_unroll_M16 4.67349 0.459504
1024 block_S1 21.1506 0.101533
1024 block_S2 11.8552 0.181143
1024 block_S4 8.70141 0.246797
1024 block_S8 7.33202 0.292891
1024 block_S16 6.87018 0.312581
1024 block_S32 6.6127 0.324751
1024 block_S64 6.78455 0.316525
1024 block_S128 6.52165 0.329285
1024 block_S256 6.62727 0.324037
1024 block_S512 6.61958 0.324414
1024 block_S1024 6.97528 0.307871
1024 block_unroll_S8_M1 7.79901 0.275353
1024 block_unroll_S8_M2 7.66084 0.28032
1024 block_unroll_S8_M4 8.03906 0.267131
1024 block_unroll_S8_M8 9.2649 0.231787
1024 block_unroll_S8_M16 11.2008 0.191726
1024 block_unroll_S16_M1 7.07561 0.303505
1024 block_unroll_S16_M2 6.95346 0.308836
1024 block_unroll_S16_M4 7.02243 0.305803
1024 block_unroll_S16_M8 7.56483 0.283877
1024 block_unroll_S16_M16 8.88251 0.241765
1024 block_unroll_S32_M1 6.66744 0.322085
1024 block_unroll_S32_M2 6.53794 0.328465
1024 block_unroll_S32_M4 6.36481 0.3374
1024 block_unroll_S32_M8 6.60789 0.324988
1024 block_unroll_S32_M16 7.24258 0.296508
1024 block_unroll_S64_M1 6.44898 0.332996
1024 block_unroll_S64_M2 6.13787 0.349874
1024 block_unroll_S64_M4 6.09658 0.352244
1024 block_unroll_S64_M8 6.11859 0.350977
1024 block_unroll_S64_M16 6.42793 0.334086
1024 block_unroll_S128_M1 6.57084 0.32682
1024 block_unroll_S128_M2 6.21467 0.345551
1024 block_unroll_S128_M4 6.07603 0.353435
1024 block_unroll_S128_M8 6.01122 0.357246
1024 block_unroll_S128_M16 6.44256 0.333327
2048 classic 52.7537 0.325662
2048 transpose 40.9572 0.419459
2048 buffer 31.8239 0.539841
2048 buffer_unroll_M1 43.3074 0.396696
2048 buffer_unroll_M2 39.6677 0.433094
2048 buffer_unroll_M4 37.9303 0.452932
2048 buffer_unroll_M8 37.2695 0.460964
2048 buffer_unroll_M16 37.2081 0.461724
2048 block_S1 182.92 0.0939201
2048 block_S2 97.4909 0.17622
2048 block_S4 69.9913 0.245457
2048 block_S8 59.6873 0.287831
2048 block_S16 55.5599 0.309214
2048 block_S32 52.8524 0.325054
2048 block_S64 52.521 0.327105
2048 block_S128 51.2618 0.33514
2048 block_S256 53.5344 0.320913
2048 block_S512 53.9156 0.318644
2048 block_S1024 54.64 0.314419
2048 block_S2048 63.9884 0.268484
2048 block_unroll_S8_M1 62.8237 0.273462
2048 block_unroll_S8_M2 60.7306 0.282886
2048 block_unroll_S8_M4 63.8246 0.269173
2048 block_unroll_S8_M8 74.5417 0.230473
2048 block_unroll_S8_M16 90.575 0.189676
2048 block_unroll_S16_M1 57.0138 0.301328
2048 block_unroll_S16_M2 54.3231 0.316253
2048 block_unroll_S16_M4 55.8281 0.307728
2048 block_unroll_S16_M8 60.8709 0.282235
2048 block_unroll_S16_M16 71.4176 0.240555
2048 block_unroll_S32_M1 53.1409 0.323289
2048 block_unroll_S32_M2 51.0577 0.336479
2048 block_unroll_S32_M4 50.5826 0.33964
2048 block_unroll_S32_M8 52.8578 0.325021
2048 block_unroll_S32_M16 57.7634 0.297418
2048 block_unroll_S64_M1 51.5267 0.333417
2048 block_unroll_S64_M2 49.9534 0.343918
2048 block_unroll_S64_M4 49.025 0.35043
2048 block_unroll_S64_M8 49.1428 0.349591
2048 block_unroll_S64_M16 52.0126 0.330302
2048 block_unroll_S128_M1 52.7325 0.325793
2048 block_unroll_S128_M2 49.7444 0.345363
2048 block_unroll_S128_M4 48.4538 0.354562
2048 block_unroll_S128_M8 48.2971 0.355712
2048 block_unroll_S128_M16 49.4008 0.347765
