N algo time GFLOPS
128 classic 0.0009208 4.55507
128 transpose 0.0008918 4.70319
128 transpose_full 0.0009209 4.55457
128 buffer 0.0008677 4.83382
128 buffer_unroll_M1 0.0047074 0.891002
128 buffer_unroll_M2 0.00239 1.75494
128 buffer_unroll_M4 0.0012831 3.26888
128 buffer_unroll_M8 0.0010388 4.03764
128 buffer_unroll_M16 0.000841 4.98728
128 block_S1 0.0051237 0.818608
128 block_S2 0.0014833 2.82768
128 block_S4 0.0010322 4.06346
128 block_S8 0.0008458 4.95898
128 block_S16 0.0007309 5.73855
128 block_S32 0.0007174 5.84653
128 block_S64 0.0008646 4.85115
128 block_S128 0.0010129 4.14089
128 block_unroll_S8_M1 0.0032874 1.27587
128 block_unroll_S8_M2 0.0022577 1.85778
128 block_unroll_S8_M4 0.0020763 2.02009
128 block_unroll_S8_M8 0.0020078 2.089
128 block_unroll_S8_M16 0.0017817 2.3541
128 block_unroll_S16_M1 0.0038317 1.09463
128 block_unroll_S16_M2 0.0021096 1.9882
128 block_unroll_S16_M4 0.0018886 2.22085
128 block_unroll_S16_M8 0.0017176 2.44196
128 block_unroll_S16_M16 0.0016769 2.50122
128 block_unroll_S32_M1 0.0040155 1.04453
128 block_unroll_S32_M2 0.0021641 1.93813
128 block_unroll_S32_M4 0.0018546 2.26157
128 block_unroll_S32_M8 0.0015753 2.66254
128 block_unroll_S32_M16 0.0014869 2.82084
128 block_unroll_S64_M1 0.0046815 0.895932
128 block_unroll_S64_M2 0.0023094 1.81619
128 block_unroll_S64_M4 0.0017097 2.45324
128 block_unroll_S64_M8 0.0014784 2.83706
128 block_unroll_S64_M16 0.0013455 3.11728
128 block_unroll_S128_M1 0.0049946 0.839768
128 block_unroll_S128_M2 0.0029339 1.4296
128 block_unroll_S128_M4 0.0017649 2.37651
128 block_unroll_S128_M8 0.001478 2.83782
128 block_unroll_S128_M16 0.0013563 3.09246
256 classic 0.0093481 3.58944
256 transpose 0.0088081 3.8095
256 transpose_full 0.0089041 3.76842
256 buffer 0.0093893 3.57369
256 buffer_unroll_M1 0.0403979 0.830598
256 buffer_unroll_M2 0.0195752 1.71413
256 buffer_unroll_M4 0.0105925 3.16775
256 buffer_unroll_M8 0.008594 3.9044
256 buffer_unroll_M16 0.0076679 4.37596
256 block_S1 0.0417581 0.803543
256 block_S2 0.0119689 2.80347
256 block_S4 0.0086783 3.86648
256 block_S8 0.0078643 4.26668
256 block_S16 0.0074874 4.48145
256 block_S32 0.0073155 4.58676
256 block_S64 0.0070084 4.78774
256 block_S128 0.0075767 4.42863
256 block_S256 0.0089347 3.75552
256 block_unroll_S8_M1 0.0267961 1.25221
256 block_unroll_S8_M2 0.0200784 1.67117
256 block_unroll_S8_M4 0.0177993 1.88515
256 block_unroll_S8_M8 0.016571 2.02489
256 block_unroll_S8_M16 0.0178822 1.87642
256 block_unroll_S16_M1 0.029363 1.14275
256 block_unroll_S16_M2 0.0167546 2.0027
256 block_unroll_S16_M4 0.0149371 2.24638
256 block_unroll_S16_M8 0.0137478 2.44071
256 block_unroll_S16_M16 0.0134324 2.49802
256 block_unroll_S32_M1 0.0318522 1.05344
256 block_unroll_S32_M2 0.0171237 1.95953
256 block_unroll_S32_M4 0.0147966 2.26771
256 block_unroll_S32_M8 0.012211 2.74789
256 block_unroll_S32_M16 0.0115507 2.90497
256 block_unroll_S64_M1 0.0362037 0.926823
256 block_unroll_S64_M2 0.0181234 1.85144
256 block_unroll_S64_M4 0.0138614 2.42071
256 block_unroll_S64_M8 0.0117414 2.85779
256 block_unroll_S64_M16 0.0104446 3.21261
256 block_unroll_S128_M1 0.0392506 0.854877
256 block_unroll_S128_M2 0.0193867 1.7308
256 block_unroll_S128_M4 0.0136941 2.45028
256 block_unroll_S128_M8 0.0114928 2.9196
256 block_unroll_S128_M16 0.0099921 3.3581
512 classic 0.0810452 3.31217
512 transpose 0.0784679 3.42096
512 transpose_full 0.078926 3.4011
512 buffer 0.0757798 3.54231
512 buffer_unroll_M1 0.334171 0.803289
512 buffer_unroll_M2 0.165088 1.62601
512 buffer_unroll_M4 0.08698 3.08617
512 buffer_unroll_M8 0.0709079 3.78569
512 buffer_unroll_M16 0.0542793 4.94545
512 block_S1 0.335808 0.799371
512 block_S2 0.108057 2.4842
512 block_S4 0.0647217 4.14753
512 block_S8 0.0531984 5.04593
512 block_S16 0.0485637 5.52749
512 block_S32 0.0484241 5.54343
512 block_S64 0.0564511 4.75519
512 block_S128 0.0625959 4.28839
512 block_S256 0.075409 3.55973
512 block_S512 0.0845582 3.17456
512 block_unroll_S8_M1 0.212358 1.26407
512 block_unroll_S8_M2 0.147506 1.81983
512 block_unroll_S8_M4 0.134952 1.98912
512 block_unroll_S8_M8 0.129323 2.07569
512 block_unroll_S8_M16 0.108918 2.46457
512 block_unroll_S16_M1 0.243243 1.10357
512 block_unroll_S16_M2 0.131541 2.04069
512 block_unroll_S16_M4 0.118794 2.25966
512 block_unroll_S16_M8 0.108802 2.4672
512 block_unroll_S16_M16 0.10604 2.53145
512 block_unroll_S32_M1 0.249599 1.07547
512 block_unroll_S32_M2 0.135871 1.97567
512 block_unroll_S32_M4 0.113163 2.37211
512 block_unroll_S32_M8 0.0986362 2.72147
512 block_unroll_S32_M16 0.0922979 2.90836
512 block_unroll_S64_M1 0.288184 0.931471
512 block_unroll_S64_M2 0.148056 1.81307
512 block_unroll_S64_M4 0.112655 2.38281
512 block_unroll_S64_M8 0.0937593 2.86303
512 block_unroll_S64_M16 0.0848965 3.16191
512 block_unroll_S128_M1 0.309456 0.867443
512 block_unroll_S128_M2 0.155921 1.72162
512 block_unroll_S128_M4 0.11088 2.42095
512 block_unroll_S128_M8 0.0936691 2.86578
512 block_unroll_S128_M16 0.0820178 3.27289
1024 classic 0.664599 3.23125
1024 transpose 0.681113 3.15291
1024 transpose_full 0.683103 3.14372
1024 buffer 0.64268 3.34145
1024 buffer_unroll_M1 2.65797 0.807941
1024 buffer_unroll_M2 1.33692 1.6063
1024 buffer_unroll_M4 0.699386 3.07053
1024 buffer_unroll_M8 0.534804 4.01546
1024 buffer_unroll_M16 0.4131 5.19845
1024 block_S1 2.74712 0.78172
1024 block_S2 0.866798 2.47749
1024 block_S4 0.53686 4.00008
1024 block_S8 0.449648 4.77592
1024 block_S16 0.405653 5.29389
1024 block_S32 0.419887 5.11443
1024 block_S64 0.50874 4.22118
1024 block_S128 0.62746 3.4225
1024 block_S256 0.686488 3.12822
1024 block_S512 0.71152 3.01816
1024 block_S1024 0.731961 2.93388
1024 block_unroll_S8_M1 1.73607 1.23698
1024 block_unroll_S8_M2 1.14145 1.88136
1024 block_unroll_S8_M4 1.0849 1.97943
1024 block_unroll_S8_M8 1.05067 2.04391
1024 block_unroll_S8_M16 0.861308 2.49328
1024 block_unroll_S16_M1 1.90692 1.12615
1024 block_unroll_S16_M2 1.07411 1.99931
1024 block_unroll_S16_M4 0.974457 2.20377
1024 block_unroll_S16_M8 0.89425 2.40144
1024 block_unroll_S16_M16 0.912234 2.35409
1024 block_unroll_S32_M1 2.08737 1.0288
1024 block_unroll_S32_M2 1.20233 1.78611
1024 block_unroll_S32_M4 0.96666 2.22155
1024 block_unroll_S32_M8 0.83647 2.56732
1024 block_unroll_S32_M16 0.783983 2.7392
1024 block_unroll_S64_M1 2.4079 0.891851
1024 block_unroll_S64_M2 1.27266 1.6874
1024 block_unroll_S64_M4 0.96271 2.23067
1024 block_unroll_S64_M8 0.816219 2.63102
1024 block_unroll_S64_M16 0.730853 2.93833
1024 block_unroll_S128_M1 2.55533 0.840395
1024 block_unroll_S128_M2 1.3029 1.64823
1024 block_unroll_S128_M4 1.01176 2.12252
1024 block_unroll_S128_M8 0.883412 2.4309
1024 block_unroll_S128_M16 0.864248 2.4848
2048 classic 7.16892 2.39644
2048 transpose 5.38545 3.19005
2048 transpose_full 5.39458 3.18465
2048 buffer 5.29835 3.2425
2048 buffer_unroll_M1 21.6986 0.79175
2048 buffer_unroll_M2 11.0192 1.55908
2048 buffer_unroll_M4 5.62016 3.05683
2048 buffer_unroll_M8 4.20968 4.08104
2048 buffer_unroll_M16 3.39842 5.05525
2048 block_S1 24.4683 0.702129
2048 block_S2 9.12643 1.88243
2048 block_S4 7.17481 2.39447
2048 block_S8 3.73724 4.59694
2048 block_S16 3.42804 5.01158
2048 block_S32 3.33377 5.15329
2048 block_S64 3.90719 4.39698
2048 block_S128 4.94261 3.47587
2048 block_S256 5.24687 3.27431
2048 block_S512 5.43804 3.1592
2048 block_S1024 5.70131 3.01332
2048 block_S2048 7.3569 2.33521
2048 block_unroll_S8_M1 14.0017 1.22699
2048 block_unroll_S8_M2 9.34205 1.83898
2048 block_unroll_S8_M4 9.40854 1.82599
2048 block_unroll_S8_M8 8.85932 1.93919
2048 block_unroll_S8_M16 7.33098 2.34346
2048 block_unroll_S16_M1 15.8688 1.08262
2048 block_unroll_S16_M2 8.81421 1.94911
2048 block_unroll_S16_M4 7.94908 2.16124
2048 block_unroll_S16_M8 7.48873 2.2941
2048 block_unroll_S16_M16 7.45479 2.30454
2048 block_unroll_S32_M1 16.3379 1.05153
2048 block_unroll_S32_M2 9.08076 1.8919
2048 block_unroll_S32_M4 7.7895 2.20552
2048 block_unroll_S32_M8 6.59755 2.60398
2048 block_unroll_S32_M16 6.27739 2.73679
2048 block_unroll_S64_M1 19.3549 0.887623
2048 block_unroll_S64_M2 9.8694 1.74072
2048 block_unroll_S64_M4 7.54581 2.27674
2048 block_unroll_S64_M8 6.531 2.63051
2048 block_unroll_S64_M16 5.84031 2.9416
2048 block_unroll_S128_M1 20.6098 0.833579
2048 block_unroll_S128_M2 10.4791 1.63945
2048 block_unroll_S128_M4 8.13001 2.11314
2048 block_unroll_S128_M8 7.00965 2.45089
2048 block_unroll_S128_M16 6.14274 2.79677
